Dynamical matrix file
default                                                                    
  1    2  0 11.0001074  1.0000000  0.5402846  0.0000000  0.0000000  0.0000000
Basis vectors
     -0.660543558    0.660543558    0.356881514
      0.660543558   -0.660543558    0.356881514
      0.660543558    0.660543558   -0.356881514
           1  'Sn  '    108197.545983522     
    1    1      0.0000000000      0.0000000000      0.0000000000
    2    1      0.6605435582      0.0000000000      0.1784407572

     Dynamical  Matrix in cartesian axes

     q = (    0.378476176   0.283857132   0.525384455 ) 

    1    1
  0.07944564  0.00000000    0.00259174 -0.00170762    0.00098962 -0.00073110
  0.00259174  0.00170762    0.07754764  0.00000000    0.00143133 -0.00228634
  0.00098962  0.00073110    0.00143133  0.00228634    0.09586863 -0.00000000
    1    2
 -0.00156068  0.00033804    0.00014109 -0.00083402   -0.03248709 -0.00535731
  0.00014109 -0.00083402    0.01836057  0.00974820    0.00567907 -0.02939210
 -0.03248709 -0.00535731    0.00567907 -0.02939210    0.00172051  0.00074732
    2    1
 -0.00156068 -0.00033804    0.00014109  0.00083402   -0.03248709  0.00535731
  0.00014109  0.00083402    0.01836057 -0.00974820    0.00567907  0.02939210
 -0.03248709  0.00535731    0.00567907  0.02939210    0.00172051 -0.00074732
    2    2
  0.07944564 -0.00000000    0.00259174  0.00170762    0.00098962  0.00073110
  0.00259174 -0.00170762    0.07754764 -0.00000000    0.00143133  0.00228634
  0.00098962 -0.00073110    0.00143133 -0.00228634    0.09586863  0.00000000

     Dynamical  Matrix in cartesian axes

     q = (    0.283857132   0.378476176   0.525384455 ) 

    1    1
  0.07754764 -0.00000000    0.00259174 -0.00170762    0.00143133  0.00228634
  0.00259174  0.00170762    0.07944564 -0.00000000    0.00098962  0.00073110
  0.00143133 -0.00228634    0.00098962 -0.00073110    0.09586863 -0.00000000
    1    2
 -0.00608987  0.01987590   -0.00068951 -0.00048997   -0.02479906 -0.01676764
 -0.00068951 -0.00048997    0.00134260 -0.00086453    0.01918365 -0.02676003
 -0.02479906 -0.01676764    0.01918365 -0.02676003   -0.00068815  0.00174502
    2    1
 -0.00608987 -0.01987590   -0.00068951  0.00048997   -0.02479906  0.01676764
 -0.00068951  0.00048997    0.00134260  0.00086453    0.01918365  0.02676003
 -0.02479906  0.01676764    0.01918365  0.02676003   -0.00068815 -0.00174502
    2    2
  0.07754764  0.00000000    0.00259174  0.00170762    0.00143133 -0.00228634
  0.00259174 -0.00170762    0.07944564  0.00000000    0.00098962 -0.00073110
  0.00143133  0.00228634    0.00098962  0.00073110    0.09586863  0.00000000

     Dynamical  Matrix in cartesian axes

     q = (   -0.378476176  -0.283857132   0.525384455 ) 

    1    1
  0.07944564 -0.00000000    0.00259174 -0.00170762   -0.00098962  0.00073110
  0.00259174  0.00170762    0.07754764  0.00000000   -0.00143133  0.00228634
 -0.00098962 -0.00073110   -0.00143133 -0.00228634    0.09586863  0.00000000
    1    2
  0.00156068 -0.00033804   -0.00014109  0.00083402   -0.03248709 -0.00535731
 -0.00014109  0.00083402   -0.01836057 -0.00974820    0.00567907 -0.02939210
 -0.03248709 -0.00535731    0.00567907 -0.02939210   -0.00172051 -0.00074732
    2    1
  0.00156068  0.00033804   -0.00014109 -0.00083402   -0.03248709  0.00535731
 -0.00014109 -0.00083402   -0.01836057  0.00974820    0.00567907  0.02939210
 -0.03248709  0.00535731    0.00567907  0.02939210   -0.00172051  0.00074732
    2    2
  0.07944564  0.00000000    0.00259174  0.00170762   -0.00098962 -0.00073110
  0.00259174 -0.00170762    0.07754764 -0.00000000   -0.00143133 -0.00228634
 -0.00098962  0.00073110   -0.00143133  0.00228634    0.09586863 -0.00000000

     Dynamical  Matrix in cartesian axes

     q = (   -0.283857132  -0.378476176   0.525384455 ) 

    1    1
  0.07754764 -0.00000000    0.00259174 -0.00170762   -0.00143133 -0.00228634
  0.00259174  0.00170762    0.07944564  0.00000000   -0.00098962 -0.00073110
 -0.00143133  0.00228634   -0.00098962  0.00073110    0.09586863  0.00000000
    1    2
 -0.00974820 -0.01836057    0.00083402 -0.00014109   -0.02939210  0.00567907
  0.00083402 -0.00014109   -0.00033804  0.00156068   -0.00535731 -0.03248709
 -0.02939210  0.00567907   -0.00535731 -0.03248709   -0.00074732 -0.00172051
    2    1
 -0.00974820  0.01836057    0.00083402  0.00014109   -0.02939210 -0.00567907
  0.00083402  0.00014109   -0.00033804 -0.00156068   -0.00535731  0.03248709
 -0.02939210 -0.00567907   -0.00535731  0.03248709   -0.00074732  0.00172051
    2    2
  0.07754764  0.00000000    0.00259174  0.00170762   -0.00143133  0.00228634
  0.00259174 -0.00170762    0.07944564 -0.00000000   -0.00098962  0.00073110
 -0.00143133 -0.00228634   -0.00098962 -0.00073110    0.09586863 -0.00000000

     Dynamical  Matrix in cartesian axes

     q = (    0.378476176  -0.283857132   0.525384455 ) 

    1    1
  0.07944564  0.00000000   -0.00259174  0.00170762    0.00098962 -0.00073110
 -0.00259174 -0.00170762    0.07754764  0.00000000   -0.00143133  0.00228634
  0.00098962  0.00073110   -0.00143133 -0.00228634    0.09586863  0.00000000
    1    2
 -0.00156068  0.00033804   -0.00014109  0.00083402   -0.03248709 -0.00535731
 -0.00014109  0.00083402    0.01836057  0.00974820   -0.00567907  0.02939210
 -0.03248709 -0.00535731   -0.00567907  0.02939210    0.00172051  0.00074732
    2    1
 -0.00156068 -0.00033804   -0.00014109 -0.00083402   -0.03248709  0.00535731
 -0.00014109 -0.00083402    0.01836057 -0.00974820   -0.00567907 -0.02939210
 -0.03248709  0.00535731   -0.00567907 -0.02939210    0.00172051 -0.00074732
    2    2
  0.07944564 -0.00000000   -0.00259174 -0.00170762    0.00098962  0.00073110
 -0.00259174  0.00170762    0.07754764 -0.00000000   -0.00143133 -0.00228634
  0.00098962 -0.00073110   -0.00143133  0.00228634    0.09586863 -0.00000000

     Dynamical  Matrix in cartesian axes

     q = (   -0.378476176   0.283857132   0.525384455 ) 

    1    1
  0.07944564  0.00000000   -0.00259174  0.00170762   -0.00098962  0.00073110
 -0.00259174 -0.00170762    0.07754764  0.00000000    0.00143133 -0.00228634
 -0.00098962 -0.00073110    0.00143133  0.00228634    0.09586863  0.00000000
    1    2
  0.00156068 -0.00033804    0.00014109 -0.00083402   -0.03248709 -0.00535731
  0.00014109 -0.00083402   -0.01836057 -0.00974820   -0.00567907  0.02939210
 -0.03248709 -0.00535731   -0.00567907  0.02939210   -0.00172051 -0.00074732
    2    1
  0.00156068  0.00033804    0.00014109  0.00083402   -0.03248709  0.00535731
  0.00014109  0.00083402   -0.01836057  0.00974820   -0.00567907 -0.02939210
 -0.03248709  0.00535731   -0.00567907 -0.02939210   -0.00172051  0.00074732
    2    2
  0.07944564 -0.00000000   -0.00259174 -0.00170762   -0.00098962 -0.00073110
 -0.00259174  0.00170762    0.07754764 -0.00000000    0.00143133  0.00228634
 -0.00098962  0.00073110    0.00143133 -0.00228634    0.09586863 -0.00000000

     Dynamical  Matrix in cartesian axes

     q = (    0.283857132  -0.378476176   0.525384455 ) 

    1    1
  0.07754764 -0.00000000   -0.00259174  0.00170762    0.00143133  0.00228634
 -0.00259174 -0.00170762    0.07944564 -0.00000000   -0.00098962 -0.00073110
  0.00143133 -0.00228634   -0.00098962  0.00073110    0.09586863 -0.00000000
    1    2
 -0.00608987  0.01987590    0.00068951  0.00048997   -0.02479906 -0.01676764
  0.00068951  0.00048997    0.00134260 -0.00086453   -0.01918365  0.02676003
 -0.02479906 -0.01676764   -0.01918365  0.02676003   -0.00068815  0.00174502
    2    1
 -0.00608987 -0.01987590    0.00068951 -0.00048997   -0.02479906  0.01676764
  0.00068951 -0.00048997    0.00134260  0.00086453   -0.01918365 -0.02676003
 -0.02479906  0.01676764   -0.01918365 -0.02676003   -0.00068815 -0.00174502
    2    2
  0.07754764  0.00000000   -0.00259174 -0.00170762    0.00143133 -0.00228634
 -0.00259174  0.00170762    0.07944564  0.00000000   -0.00098962  0.00073110
  0.00143133  0.00228634   -0.00098962 -0.00073110    0.09586863  0.00000000

     Dynamical  Matrix in cartesian axes

     q = (   -0.283857132   0.378476176   0.525384455 ) 

    1    1
  0.07754764 -0.00000000   -0.00259174  0.00170762   -0.00143133 -0.00228634
 -0.00259174 -0.00170762    0.07944564 -0.00000000    0.00098962  0.00073110
 -0.00143133  0.00228634    0.00098962 -0.00073110    0.09586863 -0.00000000
    1    2
 -0.00974820 -0.01836057   -0.00083402  0.00014109   -0.02939210  0.00567907
 -0.00083402  0.00014109   -0.00033804  0.00156068    0.00535731  0.03248709
 -0.02939210  0.00567907    0.00535731  0.03248709   -0.00074732 -0.00172051
    2    1
 -0.00974820  0.01836057   -0.00083402 -0.00014109   -0.02939210 -0.00567907
 -0.00083402 -0.00014109   -0.00033804 -0.00156068    0.00535731 -0.03248709
 -0.02939210 -0.00567907    0.00535731 -0.03248709   -0.00074732  0.00172051
    2    2
  0.07754764  0.00000000   -0.00259174 -0.00170762   -0.00143133  0.00228634
 -0.00259174  0.00170762    0.07944564  0.00000000    0.00098962 -0.00073110
 -0.00143133 -0.00228634    0.00098962  0.00073110    0.09586863  0.00000000

     Dynamical  Matrix in cartesian axes

     q = (   -0.378476176  -0.283857132  -0.525384455 ) 

    1    1
  0.07944564 -0.00000000    0.00259174  0.00170762    0.00098962  0.00073110
  0.00259174 -0.00170762    0.07754764 -0.00000000    0.00143133  0.00228634
  0.00098962 -0.00073110    0.00143133 -0.00228634    0.09586863  0.00000000
    1    2
 -0.00156068 -0.00033804    0.00014109  0.00083402   -0.03248709  0.00535731
  0.00014109  0.00083402    0.01836057 -0.00974820    0.00567907  0.02939210
 -0.03248709  0.00535731    0.00567907  0.02939210    0.00172051 -0.00074732
    2    1
 -0.00156068  0.00033804    0.00014109 -0.00083402   -0.03248709 -0.00535731
  0.00014109 -0.00083402    0.01836057  0.00974820    0.00567907 -0.02939210
 -0.03248709 -0.00535731    0.00567907 -0.02939210    0.00172051  0.00074732
    2    2
  0.07944564  0.00000000    0.00259174 -0.00170762    0.00098962 -0.00073110
  0.00259174  0.00170762    0.07754764  0.00000000    0.00143133 -0.00228634
  0.00098962  0.00073110    0.00143133  0.00228634    0.09586863 -0.00000000

     Dynamical  Matrix in cartesian axes

     q = (    0.283857132   0.378476176  -0.525384455 ) 

    1    1
  0.07754764  0.00000000    0.00259174  0.00170762   -0.00143133  0.00228634
  0.00259174 -0.00170762    0.07944564 -0.00000000   -0.00098962  0.00073110
 -0.00143133 -0.00228634   -0.00098962 -0.00073110    0.09586863 -0.00000000
    1    2
 -0.00974820  0.01836057    0.00083402  0.00014109   -0.02939210 -0.00567907
  0.00083402  0.00014109   -0.00033804 -0.00156068   -0.00535731  0.03248709
 -0.02939210 -0.00567907   -0.00535731  0.03248709   -0.00074732  0.00172051
    2    1
 -0.00974820 -0.01836057    0.00083402 -0.00014109   -0.02939210  0.00567907
  0.00083402 -0.00014109   -0.00033804  0.00156068   -0.00535731 -0.03248709
 -0.02939210  0.00567907   -0.00535731 -0.03248709   -0.00074732 -0.00172051
    2    2
  0.07754764 -0.00000000    0.00259174 -0.00170762   -0.00143133 -0.00228634
  0.00259174  0.00170762    0.07944564  0.00000000   -0.00098962 -0.00073110
 -0.00143133  0.00228634   -0.00098962  0.00073110    0.09586863  0.00000000

     Dynamical  Matrix in cartesian axes

     q = (   -0.283857132  -0.378476176  -0.525384455 ) 

    1    1
  0.07754764  0.00000000    0.00259174  0.00170762    0.00143133 -0.00228634
  0.00259174 -0.00170762    0.07944564  0.00000000    0.00098962 -0.00073110
  0.00143133  0.00228634    0.00098962  0.00073110    0.09586863  0.00000000
    1    2
 -0.00608987 -0.01987590   -0.00068951  0.00048997   -0.02479906  0.01676764
 -0.00068951  0.00048997    0.00134260  0.00086453    0.01918365  0.02676003
 -0.02479906  0.01676764    0.01918365  0.02676003   -0.00068815 -0.00174502
    2    1
 -0.00608987  0.01987590   -0.00068951 -0.00048997   -0.02479906 -0.01676764
 -0.00068951 -0.00048997    0.00134260 -0.00086453    0.01918365 -0.02676003
 -0.02479906 -0.01676764    0.01918365 -0.02676003   -0.00068815  0.00174502
    2    2
  0.07754764 -0.00000000    0.00259174 -0.00170762    0.00143133  0.00228634
  0.00259174  0.00170762    0.07944564 -0.00000000    0.00098962  0.00073110
  0.00143133 -0.00228634    0.00098962 -0.00073110    0.09586863 -0.00000000

     Dynamical  Matrix in cartesian axes

     q = (    0.378476176  -0.283857132  -0.525384455 ) 

    1    1
  0.07944564 -0.00000000   -0.00259174 -0.00170762   -0.00098962 -0.00073110
 -0.00259174  0.00170762    0.07754764 -0.00000000    0.00143133  0.00228634
 -0.00098962  0.00073110    0.00143133 -0.00228634    0.09586863 -0.00000000
    1    2
  0.00156068  0.00033804    0.00014109  0.00083402   -0.03248709  0.00535731
  0.00014109  0.00083402   -0.01836057  0.00974820   -0.00567907 -0.02939210
 -0.03248709  0.00535731   -0.00567907 -0.02939210   -0.00172051  0.00074732
    2    1
  0.00156068 -0.00033804    0.00014109 -0.00083402   -0.03248709 -0.00535731
  0.00014109 -0.00083402   -0.01836057 -0.00974820   -0.00567907  0.02939210
 -0.03248709 -0.00535731   -0.00567907  0.02939210   -0.00172051 -0.00074732
    2    2
  0.07944564  0.00000000   -0.00259174  0.00170762   -0.00098962  0.00073110
 -0.00259174 -0.00170762    0.07754764  0.00000000    0.00143133 -0.00228634
 -0.00098962 -0.00073110    0.00143133  0.00228634    0.09586863  0.00000000

     Dynamical  Matrix in cartesian axes

     q = (   -0.378476176   0.283857132  -0.525384455 ) 

    1    1
  0.07944564 -0.00000000   -0.00259174 -0.00170762    0.00098962  0.00073110
 -0.00259174  0.00170762    0.07754764 -0.00000000   -0.00143133 -0.00228634
  0.00098962 -0.00073110   -0.00143133  0.00228634    0.09586863 -0.00000000
    1    2
 -0.00156068 -0.00033804   -0.00014109 -0.00083402   -0.03248709  0.00535731
 -0.00014109 -0.00083402    0.01836057 -0.00974820   -0.00567907 -0.02939210
 -0.03248709  0.00535731   -0.00567907 -0.02939210    0.00172051 -0.00074732
    2    1
 -0.00156068  0.00033804   -0.00014109  0.00083402   -0.03248709 -0.00535731
 -0.00014109  0.00083402    0.01836057  0.00974820   -0.00567907  0.02939210
 -0.03248709 -0.00535731   -0.00567907  0.02939210    0.00172051  0.00074732
    2    2
  0.07944564  0.00000000   -0.00259174  0.00170762    0.00098962 -0.00073110
 -0.00259174 -0.00170762    0.07754764  0.00000000   -0.00143133  0.00228634
  0.00098962  0.00073110   -0.00143133 -0.00228634    0.09586863  0.00000000

     Dynamical  Matrix in cartesian axes

     q = (   -0.283857132   0.378476176  -0.525384455 ) 

    1    1
  0.07754764  0.00000000   -0.00259174 -0.00170762    0.00143133 -0.00228634
 -0.00259174  0.00170762    0.07944564  0.00000000   -0.00098962  0.00073110
  0.00143133  0.00228634   -0.00098962 -0.00073110    0.09586863  0.00000000
    1    2
 -0.00608987 -0.01987590    0.00068951 -0.00048997   -0.02479906  0.01676764
  0.00068951 -0.00048997    0.00134260  0.00086453   -0.01918365 -0.02676003
 -0.02479906  0.01676764   -0.01918365 -0.02676003   -0.00068815 -0.00174502
    2    1
 -0.00608987  0.01987590    0.00068951  0.00048997   -0.02479906 -0.01676764
  0.00068951  0.00048997    0.00134260 -0.00086453   -0.01918365  0.02676003
 -0.02479906 -0.01676764   -0.01918365  0.02676003   -0.00068815  0.00174502
    2    2
  0.07754764 -0.00000000   -0.00259174  0.00170762    0.00143133  0.00228634
 -0.00259174 -0.00170762    0.07944564 -0.00000000   -0.00098962 -0.00073110
  0.00143133 -0.00228634   -0.00098962  0.00073110    0.09586863 -0.00000000

     Dynamical  Matrix in cartesian axes

     q = (    0.378476176   0.283857132  -0.525384455 ) 

    1    1
  0.07944564  0.00000000    0.00259174  0.00170762   -0.00098962 -0.00073110
  0.00259174 -0.00170762    0.07754764 -0.00000000   -0.00143133 -0.00228634
 -0.00098962  0.00073110   -0.00143133  0.00228634    0.09586863 -0.00000000
    1    2
  0.00156068  0.00033804   -0.00014109 -0.00083402   -0.03248709  0.00535731
 -0.00014109 -0.00083402   -0.01836057  0.00974820    0.00567907  0.02939210
 -0.03248709  0.00535731    0.00567907  0.02939210   -0.00172051  0.00074732
    2    1
  0.00156068 -0.00033804   -0.00014109  0.00083402   -0.03248709 -0.00535731
 -0.00014109  0.00083402   -0.01836057 -0.00974820    0.00567907 -0.02939210
 -0.03248709 -0.00535731    0.00567907 -0.02939210   -0.00172051 -0.00074732
    2    2
  0.07944564 -0.00000000    0.00259174 -0.00170762   -0.00098962  0.00073110
  0.00259174  0.00170762    0.07754764  0.00000000   -0.00143133  0.00228634
 -0.00098962 -0.00073110   -0.00143133 -0.00228634    0.09586863  0.00000000

     Dynamical  Matrix in cartesian axes

     q = (    0.283857132  -0.378476176  -0.525384455 ) 

    1    1
  0.07754764  0.00000000   -0.00259174 -0.00170762   -0.00143133  0.00228634
 -0.00259174  0.00170762    0.07944564  0.00000000    0.00098962 -0.00073110
 -0.00143133 -0.00228634    0.00098962  0.00073110    0.09586863  0.00000000
    1    2
 -0.00974820  0.01836057   -0.00083402 -0.00014109   -0.02939210 -0.00567907
 -0.00083402 -0.00014109   -0.00033804 -0.00156068    0.00535731 -0.03248709
 -0.02939210 -0.00567907    0.00535731 -0.03248709   -0.00074732  0.00172051
    2    1
 -0.00974820 -0.01836057   -0.00083402  0.00014109   -0.02939210  0.00567907
 -0.00083402  0.00014109   -0.00033804  0.00156068    0.00535731  0.03248709
 -0.02939210  0.00567907    0.00535731  0.03248709   -0.00074732 -0.00172051
    2    2
  0.07754764 -0.00000000   -0.00259174  0.00170762   -0.00143133 -0.00228634
 -0.00259174 -0.00170762    0.07944564 -0.00000000    0.00098962  0.00073110
 -0.00143133  0.00228634    0.00098962 -0.00073110    0.09586863 -0.00000000

     Diagonalizing the dynamical matrix

     q = (    0.378476176   0.283857132   0.525384455 ) 

 **************************************************************************
     freq (    1) =       1.801571 [THz] =      60.093940 [cm-1]
 (  0.269798  0.014704 -0.100279  0.511438  0.387765 -0.070759 ) 
 (  0.262776 -0.062898 -0.190461 -0.485128  0.394168  0.000000 ) 
     freq (    2) =       2.179828 [THz] =      72.711228 [cm-1]
 (  0.464423  0.055259 -0.094889  0.218320 -0.473806  0.009894 ) 
 ( -0.463168  0.064943  0.099426  0.216291  0.473909  0.000000 ) 
     freq (    3) =       2.616507 [THz] =      87.277274 [cm-1]
 ( -0.526046 -0.180600 -0.167089  0.369745 -0.146807 -0.066909 ) 
 ( -0.553574 -0.053823  0.001296 -0.405744 -0.161336  0.000000 ) 
     freq (    4) =       2.987994 [THz] =      99.668753 [cm-1]
 ( -0.410833  0.090020  0.079194  0.541001 -0.113831  0.105840 ) 
 (  0.362169 -0.213824  0.310389  0.450125  0.155433  0.000000 ) 
     freq (    5) =       3.627000 [THz] =     120.983699 [cm-1]
 ( -0.333564 -0.079275  0.008009 -0.255716  0.557439  0.079102 ) 
 ( -0.341393  0.031625 -0.027997  0.254305  0.563024  0.000000 ) 
     freq (    6) =       3.696103 [THz] =     123.288739 [cm-1]
 ( -0.317488 -0.060612  0.080977 -0.368935 -0.493482 -0.096609 ) 
 (  0.323219  0.001514 -0.008587 -0.377619  0.502849  0.000000 ) 
 **************************************************************************
