Dynamical matrix file
default                                                                    
  1    2  0 11.0001074  1.0000000  0.5402846  0.0000000  0.0000000  0.0000000
Basis vectors
     -0.660543558    0.660543558    0.356881514
      0.660543558   -0.660543558    0.356881514
      0.660543558    0.660543558   -0.356881514
           1  'Sn  '    108197.545983522     
    1    1      0.0000000000      0.0000000000      0.0000000000
    2    1      0.6605435582      0.0000000000      0.1784407572

     Dynamical  Matrix in cartesian axes

     q = (    0.189238088   0.000000000   0.350256303 ) 

    1    1
  0.07983236  0.00000000   -0.00000000  0.00000000    0.00500137  0.00279084
 -0.00000000  0.00000000    0.08548522  0.00000000    0.00000000  0.00000000
  0.00500137 -0.00279084   -0.00000000  0.00000000    0.07120097 -0.00000000
    1    2
 -0.02993864  0.03396563    0.00000000 -0.00000000   -0.01048910 -0.01718590
  0.00000000  0.00000000   -0.00413656  0.07738639    0.00000000  0.00000000
 -0.01048910 -0.01718590    0.00000000 -0.00000000   -0.00397469  0.00268083
    2    1
 -0.02993864 -0.03396563    0.00000000  0.00000000   -0.01048910  0.01718590
  0.00000000  0.00000000   -0.00413656 -0.07738639    0.00000000  0.00000000
 -0.01048910  0.01718590    0.00000000  0.00000000   -0.00397469 -0.00268083
    2    2
  0.07983236  0.00000000   -0.00000000  0.00000000    0.00500137 -0.00279084
 -0.00000000  0.00000000    0.08548522  0.00000000    0.00000000  0.00000000
  0.00500137  0.00279084   -0.00000000  0.00000000    0.07120097  0.00000000

     Dynamical  Matrix in cartesian axes

     q = (    0.000000000   0.189238088   0.350256303 ) 

    1    1
  0.08548522  0.00000000   -0.00000000  0.00000000   -0.00000000  0.00000000
 -0.00000000  0.00000000    0.07983236  0.00000000    0.00500137 -0.00279084
 -0.00000000  0.00000000    0.00500137  0.00279084    0.07120097  0.00000000
    1    2
 -0.07738639  0.00413656    0.00000000  0.00000000    0.00000000  0.00000000
  0.00000000  0.00000000   -0.03396563  0.02993864    0.01718590  0.01048910
  0.00000000  0.00000000    0.01718590  0.01048910   -0.00268083  0.00397469
    2    1
 -0.07738639 -0.00413656    0.00000000 -0.00000000    0.00000000 -0.00000000
  0.00000000 -0.00000000   -0.03396563 -0.02993864    0.01718590 -0.01048910
  0.00000000 -0.00000000    0.01718590 -0.01048910   -0.00268083 -0.00397469
    2    2
  0.08548522  0.00000000   -0.00000000  0.00000000   -0.00000000  0.00000000
 -0.00000000  0.00000000    0.07983236  0.00000000    0.00500137  0.00279084
 -0.00000000  0.00000000    0.00500137 -0.00279084    0.07120097  0.00000000

     Dynamical  Matrix in cartesian axes

     q = (    0.000000000   0.189238088  -0.350256303 ) 

    1    1
  0.08548522 -0.00000000   -0.00000000 -0.00000000   -0.00000000 -0.00000000
 -0.00000000 -0.00000000    0.07983236 -0.00000000   -0.00500137 -0.00279084
  0.00000000  0.00000000   -0.00500137  0.00279084    0.07120097 -0.00000000
    1    2
 -0.07738639 -0.00413656    0.00000000 -0.00000000    0.00000000  0.00000000
  0.00000000  0.00000000   -0.03396563 -0.02993864   -0.01718590  0.01048910
  0.00000000  0.00000000   -0.01718590  0.01048910   -0.00268083 -0.00397469
    2    1
 -0.07738639  0.00413656    0.00000000  0.00000000    0.00000000  0.00000000
  0.00000000 -0.00000000   -0.03396563  0.02993864   -0.01718590 -0.01048910
  0.00000000 -0.00000000   -0.01718590 -0.01048910   -0.00268083  0.00397469
    2    2
  0.08548522  0.00000000   -0.00000000  0.00000000   -0.00000000  0.00000000
 -0.00000000  0.00000000    0.07983236  0.00000000   -0.00500137  0.00279084
  0.00000000  0.00000000   -0.00500137 -0.00279084    0.07120097  0.00000000

     Dynamical  Matrix in cartesian axes

     q = (    0.000000000  -0.189238088   0.350256303 ) 

    1    1
  0.08548522  0.00000000   -0.00000000  0.00000000   -0.00000000  0.00000000
 -0.00000000  0.00000000    0.07983236  0.00000000   -0.00500137  0.00279084
  0.00000000  0.00000000   -0.00500137 -0.00279084    0.07120097  0.00000000
    1    2
 -0.07738639  0.00413656    0.00000000  0.00000000    0.00000000  0.00000000
  0.00000000 -0.00000000   -0.03396563  0.02993864   -0.01718590 -0.01048910
  0.00000000  0.00000000   -0.01718590 -0.01048910   -0.00268083  0.00397469
    2    1
 -0.07738639 -0.00413656    0.00000000  0.00000000    0.00000000  0.00000000
  0.00000000  0.00000000   -0.03396563 -0.02993864   -0.01718590  0.01048910
  0.00000000  0.00000000   -0.01718590  0.01048910   -0.00268083 -0.00397469
    2    2
  0.08548522 -0.00000000   -0.00000000 -0.00000000   -0.00000000 -0.00000000
 -0.00000000 -0.00000000    0.07983236 -0.00000000   -0.00500137 -0.00279084
  0.00000000  0.00000000   -0.00500137  0.00279084    0.07120097 -0.00000000

     Dynamical  Matrix in cartesian axes

     q = (   -0.189238088   0.000000000   0.350256303 ) 

    1    1
  0.07983236 -0.00000000   -0.00000000 -0.00000000   -0.00500137 -0.00279084
 -0.00000000 -0.00000000    0.08548522 -0.00000000    0.00000000  0.00000000
 -0.00500137  0.00279084    0.00000000  0.00000000    0.07120097  0.00000000
    1    2
 -0.03396563 -0.02993864    0.00000000  0.00000000   -0.01718590  0.01048910
  0.00000000 -0.00000000   -0.07738639 -0.00413656    0.00000000  0.00000000
 -0.01718590  0.01048910    0.00000000  0.00000000   -0.00268083 -0.00397469
    2    1
 -0.03396563  0.02993864    0.00000000 -0.00000000   -0.01718590 -0.01048910
  0.00000000  0.00000000   -0.07738639  0.00413656    0.00000000  0.00000000
 -0.01718590 -0.01048910    0.00000000 -0.00000000   -0.00268083  0.00397469
    2    2
  0.07983236  0.00000000   -0.00000000  0.00000000   -0.00500137  0.00279084
 -0.00000000  0.00000000    0.08548522  0.00000000    0.00000000  0.00000000
 -0.00500137 -0.00279084    0.00000000  0.00000000    0.07120097  0.00000000

     Dynamical  Matrix in cartesian axes

     q = (    0.000000000  -0.189238088  -0.350256303 ) 

    1    1
  0.08548522  0.00000000   -0.00000000  0.00000000   -0.00000000  0.00000000
 -0.00000000  0.00000000    0.07983236  0.00000000    0.00500137  0.00279084
 -0.00000000  0.00000000    0.00500137 -0.00279084    0.07120097  0.00000000
    1    2
 -0.07738639 -0.00413656    0.00000000  0.00000000    0.00000000 -0.00000000
  0.00000000 -0.00000000   -0.03396563 -0.02993864    0.01718590 -0.01048910
  0.00000000 -0.00000000    0.01718590 -0.01048910   -0.00268083 -0.00397469
    2    1
 -0.07738639  0.00413656    0.00000000  0.00000000    0.00000000  0.00000000
  0.00000000  0.00000000   -0.03396563  0.02993864    0.01718590  0.01048910
  0.00000000  0.00000000    0.01718590  0.01048910   -0.00268083  0.00397469
    2    2
  0.08548522  0.00000000   -0.00000000  0.00000000   -0.00000000  0.00000000
 -0.00000000  0.00000000    0.07983236  0.00000000    0.00500137 -0.00279084
 -0.00000000  0.00000000    0.00500137  0.00279084    0.07120097  0.00000000

     Dynamical  Matrix in cartesian axes

     q = (   -0.189238088   0.000000000  -0.350256303 ) 

    1    1
  0.07983236  0.00000000   -0.00000000  0.00000000    0.00500137 -0.00279084
 -0.00000000  0.00000000    0.08548522  0.00000000    0.00000000  0.00000000
  0.00500137  0.00279084   -0.00000000  0.00000000    0.07120097  0.00000000
    1    2
 -0.02993864 -0.03396563    0.00000000  0.00000000   -0.01048910  0.01718590
  0.00000000  0.00000000   -0.00413656 -0.07738639    0.00000000  0.00000000
 -0.01048910  0.01718590    0.00000000  0.00000000   -0.00397469 -0.00268083
    2    1
 -0.02993864  0.03396563    0.00000000 -0.00000000   -0.01048910 -0.01718590
  0.00000000  0.00000000   -0.00413656  0.07738639    0.00000000  0.00000000
 -0.01048910 -0.01718590    0.00000000 -0.00000000   -0.00397469  0.00268083
    2    2
  0.07983236  0.00000000   -0.00000000  0.00000000    0.00500137  0.00279084
 -0.00000000  0.00000000    0.08548522  0.00000000    0.00000000  0.00000000
  0.00500137 -0.00279084   -0.00000000  0.00000000    0.07120097 -0.00000000

     Dynamical  Matrix in cartesian axes

     q = (    0.189238088   0.000000000  -0.350256303 ) 

    1    1
  0.07983236  0.00000000   -0.00000000  0.00000000   -0.00500137  0.00279084
 -0.00000000  0.00000000    0.08548522  0.00000000    0.00000000  0.00000000
 -0.00500137 -0.00279084    0.00000000  0.00000000    0.07120097  0.00000000
    1    2
 -0.03396563  0.02993864    0.00000000 -0.00000000   -0.01718590 -0.01048910
  0.00000000  0.00000000   -0.07738639  0.00413656    0.00000000  0.00000000
 -0.01718590 -0.01048910    0.00000000  0.00000000   -0.00268083  0.00397469
    2    1
 -0.03396563 -0.02993864    0.00000000  0.00000000   -0.01718590  0.01048910
  0.00000000  0.00000000   -0.07738639 -0.00413656    0.00000000  0.00000000
 -0.01718590  0.01048910    0.00000000  0.00000000   -0.00268083 -0.00397469
    2    2
  0.07983236 -0.00000000   -0.00000000 -0.00000000   -0.00500137 -0.00279084
 -0.00000000 -0.00000000    0.08548522 -0.00000000    0.00000000  0.00000000
 -0.00500137  0.00279084    0.00000000  0.00000000    0.07120097  0.00000000

     Diagonalizing the dynamical matrix

     q = (    0.189238088   0.000000000   0.350256303 ) 

 **************************************************************************
     freq (    1) =       0.893912 [THz] =      29.817704 [cm-1]
 (  0.000000  0.000000  0.675549 -0.208887 -0.000000 -0.000000 ) 
 ( -0.000000  0.000000  0.244648  0.663436  0.000000  0.000000 ) 
     freq (    2) =       1.509680 [THz] =      50.357490 [cm-1]
 (  0.207188  0.602799 -0.000000 -0.000000 -0.295842 -0.078639 ) 
 ( -0.355089  0.529344 -0.000000 -0.000000  0.306115  0.000000 ) 
     freq (    3) =       2.512346 [THz] =      83.802829 [cm-1]
 (  0.158176  0.109856 -0.000000 -0.000000  0.666246 -0.137943 ) 
 (  0.132618 -0.139644 -0.000000  0.000000  0.680376  0.000000 ) 
     freq (    4) =       2.944763 [THz] =      98.226717 [cm-1]
 (  0.124894  0.272376 -0.000000 -0.000000  0.600325 -0.223209 ) 
 ( -0.022140  0.298826  0.000000 -0.000000 -0.640478  0.000000 ) 
     freq (    5) =       3.599063 [THz] =     120.051805 [cm-1]
 ( -0.499938 -0.465718  0.000000  0.000000  0.119474 -0.137459 ) 
 (  0.023542  0.682845 -0.000000 -0.000000  0.182123  0.000000 ) 
     freq (    6) =       4.037721 [THz] =     134.683862 [cm-1]
 ( -0.000000  0.000000 -0.243352  0.663912  0.000000  0.000000 ) 
 (  0.000000  0.000000  0.675955  0.207568  0.000000  0.000000 ) 
 **************************************************************************
