Dynamical matrix file
default                                                                    
  1    2  0 11.0001074  1.0000000  0.5402846  0.0000000  0.0000000  0.0000000
Basis vectors
     -0.660543558    0.660543558    0.356881514
      0.660543558   -0.660543558    0.356881514
      0.660543558    0.660543558   -0.356881514
           1  'Sn  '    108197.545983522     
    1    1      0.0000000000      0.0000000000      0.0000000000
    2    1      0.6605435582      0.0000000000      0.1784407572

     Dynamical  Matrix in cartesian axes

     q = (    0.283857132   0.283857132   0.350256303 ) 

    1    1
  0.08130546  0.00000000    0.00390815 -0.00336314    0.00298848  0.00133206
  0.00390815  0.00336314    0.08130546  0.00000000    0.00298848 -0.00133206
  0.00298848 -0.00133206    0.00298848  0.00133206    0.07220167  0.00000000
    1    2
 -0.00826986  0.02039075    0.00000000 -0.00231166   -0.01963146 -0.01610667
  0.00000000 -0.00231166    0.00826986  0.02039075    0.01963146 -0.01610667
 -0.01963146 -0.01610667    0.01963146 -0.01610667    0.00000000  0.00180600
    2    1
 -0.00826986 -0.02039075    0.00000000  0.00231166   -0.01963146  0.01610667
  0.00000000  0.00231166    0.00826986 -0.02039075    0.01963146  0.01610667
 -0.01963146  0.01610667    0.01963146  0.01610667    0.00000000 -0.00180600
    2    2
  0.08130546  0.00000000    0.00390815  0.00336314    0.00298848 -0.00133206
  0.00390815 -0.00336314    0.08130546  0.00000000    0.00298848  0.00133206
  0.00298848  0.00133206    0.00298848 -0.00133206    0.07220167  0.00000000

     Dynamical  Matrix in cartesian axes

     q = (   -0.283857132  -0.283857132  -0.350256303 ) 

    1    1
  0.08130546  0.00000000    0.00390815  0.00336314    0.00298848 -0.00133206
  0.00390815 -0.00336314    0.08130546  0.00000000    0.00298848  0.00133206
  0.00298848  0.00133206    0.00298848 -0.00133206    0.07220167  0.00000000
    1    2
 -0.00826986 -0.02039075    0.00000000  0.00231166   -0.01963146  0.01610667
  0.00000000  0.00231166    0.00826986 -0.02039075    0.01963146  0.01610667
 -0.01963146  0.01610667    0.01963146  0.01610667    0.00000000 -0.00180600
    2    1
 -0.00826986  0.02039075    0.00000000 -0.00231166   -0.01963146 -0.01610667
  0.00000000 -0.00231166    0.00826986  0.02039075    0.01963146 -0.01610667
 -0.01963146 -0.01610667    0.01963146 -0.01610667    0.00000000  0.00180600
    2    2
  0.08130546  0.00000000    0.00390815 -0.00336314    0.00298848  0.00133206
  0.00390815  0.00336314    0.08130546  0.00000000    0.00298848 -0.00133206
  0.00298848 -0.00133206    0.00298848  0.00133206    0.07220167  0.00000000

     Dynamical  Matrix in cartesian axes

     q = (   -0.283857132   0.283857132  -0.350256303 ) 

    1    1
  0.08130546  0.00000000   -0.00390815 -0.00336314    0.00298848 -0.00133206
 -0.00390815  0.00336314    0.08130546  0.00000000   -0.00298848 -0.00133206
  0.00298848  0.00133206   -0.00298848  0.00133206    0.07220167  0.00000000
    1    2
 -0.00826986 -0.02039075    0.00000000 -0.00231166   -0.01963146  0.01610667
  0.00000000 -0.00231166    0.00826986 -0.02039075   -0.01963146 -0.01610667
 -0.01963146  0.01610667   -0.01963146 -0.01610667    0.00000000 -0.00180600
    2    1
 -0.00826986  0.02039075    0.00000000  0.00231166   -0.01963146 -0.01610667
  0.00000000  0.00231166    0.00826986  0.02039075   -0.01963146  0.01610667
 -0.01963146 -0.01610667   -0.01963146  0.01610667    0.00000000  0.00180600
    2    2
  0.08130546  0.00000000   -0.00390815  0.00336314    0.00298848  0.00133206
 -0.00390815 -0.00336314    0.08130546  0.00000000   -0.00298848  0.00133206
  0.00298848 -0.00133206   -0.00298848 -0.00133206    0.07220167  0.00000000

     Dynamical  Matrix in cartesian axes

     q = (    0.283857132  -0.283857132   0.350256303 ) 

    1    1
  0.08130546  0.00000000   -0.00390815  0.00336314    0.00298848  0.00133206
 -0.00390815 -0.00336314    0.08130546  0.00000000   -0.00298848  0.00133206
  0.00298848 -0.00133206   -0.00298848 -0.00133206    0.07220167  0.00000000
    1    2
 -0.00826986  0.02039075    0.00000000  0.00231166   -0.01963146 -0.01610667
 -0.00000000  0.00231166    0.00826986  0.02039075   -0.01963146  0.01610667
 -0.01963146 -0.01610667   -0.01963146  0.01610667   -0.00000000  0.00180600
    2    1
 -0.00826986 -0.02039075    0.00000000 -0.00231166   -0.01963146  0.01610667
 -0.00000000 -0.00231166    0.00826986 -0.02039075   -0.01963146 -0.01610667
 -0.01963146  0.01610667   -0.01963146 -0.01610667   -0.00000000 -0.00180600
    2    2
  0.08130546  0.00000000   -0.00390815 -0.00336314    0.00298848 -0.00133206
 -0.00390815  0.00336314    0.08130546  0.00000000   -0.00298848 -0.00133206
  0.00298848  0.00133206   -0.00298848  0.00133206    0.07220167  0.00000000

     Dynamical  Matrix in cartesian axes

     q = (   -0.283857132  -0.283857132   0.350256303 ) 

    1    1
  0.08130546  0.00000000    0.00390815 -0.00336314   -0.00298848 -0.00133206
  0.00390815  0.00336314    0.08130546  0.00000000   -0.00298848  0.00133206
 -0.00298848  0.00133206   -0.00298848 -0.00133206    0.07220167  0.00000000
    1    2
 -0.00857077 -0.02026612    0.00163459  0.00163459   -0.02527068  0.00249241
  0.00163459  0.00163459   -0.02026612 -0.00857077    0.00249241 -0.02527068
 -0.02527068  0.00249241    0.00249241 -0.02527068   -0.00127704 -0.00127704
    2    1
 -0.00857077  0.02026612    0.00163459 -0.00163459   -0.02527068 -0.00249241
  0.00163459 -0.00163459   -0.02026612  0.00857077    0.00249241  0.02527068
 -0.02527068 -0.00249241    0.00249241  0.02527068   -0.00127704  0.00127704
    2    2
  0.08130546  0.00000000    0.00390815  0.00336314   -0.00298848  0.00133206
  0.00390815 -0.00336314    0.08130546  0.00000000   -0.00298848 -0.00133206
 -0.00298848 -0.00133206   -0.00298848  0.00133206    0.07220167  0.00000000

     Dynamical  Matrix in cartesian axes

     q = (   -0.283857132   0.283857132   0.350256303 ) 

    1    1
  0.08130546  0.00000000   -0.00390815  0.00336314   -0.00298848 -0.00133206
 -0.00390815 -0.00336314    0.08130546  0.00000000    0.00298848 -0.00133206
 -0.00298848  0.00133206    0.00298848  0.00133206    0.07220167  0.00000000
    1    2
 -0.00857077 -0.02026612   -0.00163459 -0.00163459   -0.02527068  0.00249241
 -0.00163459 -0.00163459   -0.02026612 -0.00857077   -0.00249241  0.02527068
 -0.02527068  0.00249241   -0.00249241  0.02527068   -0.00127704 -0.00127704
    2    1
 -0.00857077  0.02026612   -0.00163459  0.00163459   -0.02527068 -0.00249241
 -0.00163459  0.00163459   -0.02026612  0.00857077   -0.00249241 -0.02527068
 -0.02527068 -0.00249241   -0.00249241 -0.02527068   -0.00127704  0.00127704
    2    2
  0.08130546  0.00000000   -0.00390815 -0.00336314   -0.00298848  0.00133206
 -0.00390815  0.00336314    0.08130546  0.00000000    0.00298848  0.00133206
 -0.00298848 -0.00133206    0.00298848 -0.00133206    0.07220167  0.00000000

     Dynamical  Matrix in cartesian axes

     q = (    0.283857132   0.283857132  -0.350256303 ) 

    1    1
  0.08130546  0.00000000    0.00390815  0.00336314   -0.00298848  0.00133206
  0.00390815 -0.00336314    0.08130546  0.00000000   -0.00298848 -0.00133206
 -0.00298848 -0.00133206   -0.00298848  0.00133206    0.07220167  0.00000000
    1    2
 -0.00857077  0.02026612    0.00163459 -0.00163459   -0.02527068 -0.00249241
  0.00163459 -0.00163459   -0.02026612  0.00857077    0.00249241  0.02527068
 -0.02527068 -0.00249241    0.00249241  0.02527068   -0.00127704  0.00127704
    2    1
 -0.00857077 -0.02026612    0.00163459  0.00163459   -0.02527068  0.00249241
  0.00163459  0.00163459   -0.02026612 -0.00857077    0.00249241 -0.02527068
 -0.02527068  0.00249241    0.00249241 -0.02527068   -0.00127704 -0.00127704
    2    2
  0.08130546  0.00000000    0.00390815 -0.00336314   -0.00298848 -0.00133206
  0.00390815  0.00336314    0.08130546  0.00000000   -0.00298848  0.00133206
 -0.00298848  0.00133206   -0.00298848 -0.00133206    0.07220167  0.00000000

     Dynamical  Matrix in cartesian axes

     q = (    0.283857132  -0.283857132  -0.350256303 ) 

    1    1
  0.08130546  0.00000000   -0.00390815 -0.00336314   -0.00298848  0.00133206
 -0.00390815  0.00336314    0.08130546  0.00000000    0.00298848  0.00133206
 -0.00298848 -0.00133206    0.00298848 -0.00133206    0.07220167  0.00000000
    1    2
 -0.00857077  0.02026612   -0.00163459  0.00163459   -0.02527068 -0.00249241
 -0.00163459  0.00163459   -0.02026612  0.00857077   -0.00249241 -0.02527068
 -0.02527068 -0.00249241   -0.00249241 -0.02527068   -0.00127704  0.00127704
    2    1
 -0.00857077 -0.02026612   -0.00163459 -0.00163459   -0.02527068  0.00249241
 -0.00163459 -0.00163459   -0.02026612 -0.00857077   -0.00249241  0.02527068
 -0.02527068  0.00249241   -0.00249241  0.02527068   -0.00127704 -0.00127704
    2    2
  0.08130546  0.00000000   -0.00390815  0.00336314   -0.00298848 -0.00133206
 -0.00390815 -0.00336314    0.08130546  0.00000000    0.00298848 -0.00133206
 -0.00298848  0.00133206    0.00298848  0.00133206    0.07220167  0.00000000

     Diagonalizing the dynamical matrix

     q = (    0.283857132   0.283857132   0.350256303 ) 

 **************************************************************************
     freq (    1) =       1.733951 [THz] =      57.838372 [cm-1]
 (  0.384585  0.102435 -0.384585  0.102435 -0.000000  0.428023 ) 
 (  0.102435  0.384585  0.102435 -0.384585  0.428023  0.000000 ) 
     freq (    2) =       1.997715 [THz] =      66.636600 [cm-1]
 (  0.095665  0.324316 -0.095665  0.324316  0.000000 -0.520898 ) 
 ( -0.324316 -0.095665 -0.324316  0.095665  0.520898  0.000000 ) 
     freq (    3) =       2.689521 [THz] =      89.712750 [cm-1]
 (  0.323199 -0.324028 -0.323199 -0.324028  0.000000 -0.284773 ) 
 (  0.324028 -0.323199  0.324028  0.323199  0.284773  0.000000 ) 
     freq (    4) =       2.965954 [THz] =      98.933561 [cm-1]
 ( -0.304151  0.262491  0.304151  0.262491 -0.000000  0.420929 ) 
 (  0.262491 -0.304151  0.262491  0.304151  0.420929  0.000000 ) 
     freq (    5) =       3.376855 [THz] =     112.639753 [cm-1]
 (  0.097912  0.413044 -0.097912  0.413044 -0.000000 -0.373652 ) 
 (  0.413044  0.097912  0.413044 -0.097912 -0.373652  0.000000 ) 
     freq (    6) =       3.542014 [THz] =     118.148875 [cm-1]
 (  0.369311  0.199561 -0.369311  0.199561  0.000000  0.384148 ) 
 ( -0.199561 -0.369311 -0.199561  0.369311 -0.384148  0.000000 ) 
 **************************************************************************
