Dynamical matrix file
default                                                                    
  1    2  0 11.0001074  1.0000000  0.5402846  0.0000000  0.0000000  0.0000000
Basis vectors
     -0.660543558    0.660543558    0.356881514
      0.660543558   -0.660543558    0.356881514
      0.660543558    0.660543558   -0.356881514
           1  'Sn  '    108197.545983522     
    1    1      0.0000000000      0.0000000000      0.0000000000
    2    1      0.6605435582      0.0000000000      0.1784407572

     Dynamical  Matrix in cartesian axes

     q = (    0.283857132   0.000000000   0.525384455 ) 

    1    1
  0.07048919  0.00000000    0.00000000  0.00000000    0.00354860  0.00202025
 -0.00000000  0.00000000    0.08422593  0.00000000    0.00000000  0.00000000
  0.00354860 -0.00202025    0.00000000  0.00000000    0.10043670  0.00000000
    1    2
 -0.00940000  0.01039023    0.00000000  0.00000000   -0.02446555 -0.01697402
  0.00000000  0.00000000    0.04969715  0.05432858    0.00000000 -0.00000000
 -0.02446555 -0.01697402    0.00000000 -0.00000000   -0.00152589  0.00303252
    2    1
 -0.00940000 -0.01039023    0.00000000  0.00000000   -0.02446555  0.01697402
  0.00000000  0.00000000    0.04969715 -0.05432858    0.00000000  0.00000000
 -0.02446555  0.01697402    0.00000000  0.00000000   -0.00152589 -0.00303252
    2    2
  0.07048919  0.00000000    0.00000000  0.00000000    0.00354860 -0.00202025
 -0.00000000  0.00000000    0.08422593  0.00000000    0.00000000  0.00000000
  0.00354860  0.00202025    0.00000000  0.00000000    0.10043670 -0.00000000

     Dynamical  Matrix in cartesian axes

     q = (    0.000000000   0.283857132   0.525384455 ) 

    1    1
  0.08422593  0.00000000   -0.00000000  0.00000000    0.00000000  0.00000000
  0.00000000  0.00000000    0.07048919  0.00000000    0.00354860 -0.00202025
  0.00000000  0.00000000    0.00354860  0.00202025    0.10043670  0.00000000
    1    2
 -0.07355730  0.00327492   -0.00000000 -0.00000000   -0.00000000  0.00000000
 -0.00000000 -0.00000000   -0.00070020  0.01399381    0.02930220  0.00529731
 -0.00000000  0.00000000    0.02930220  0.00529731   -0.00106535  0.00322328
    2    1
 -0.07355730 -0.00327492   -0.00000000  0.00000000   -0.00000000 -0.00000000
 -0.00000000  0.00000000   -0.00070020 -0.01399381    0.02930220 -0.00529731
 -0.00000000 -0.00000000    0.02930220 -0.00529731   -0.00106535 -0.00322328
    2    2
  0.08422593  0.00000000   -0.00000000  0.00000000    0.00000000  0.00000000
  0.00000000  0.00000000    0.07048919  0.00000000    0.00354860  0.00202025
  0.00000000  0.00000000    0.00354860 -0.00202025    0.10043670  0.00000000

     Dynamical  Matrix in cartesian axes

     q = (    0.000000000   0.283857132  -0.525384455 ) 

    1    1
  0.08422593  0.00000000   -0.00000000  0.00000000    0.00000000  0.00000000
  0.00000000  0.00000000    0.07048919  0.00000000   -0.00354860 -0.00202025
  0.00000000  0.00000000   -0.00354860  0.00202025    0.10043670  0.00000000
    1    2
 -0.07355730 -0.00327492   -0.00000000  0.00000000    0.00000000 -0.00000000
  0.00000000  0.00000000   -0.00070020 -0.01399381   -0.02930220  0.00529731
  0.00000000 -0.00000000   -0.02930220  0.00529731   -0.00106535 -0.00322328
    2    1
 -0.07355730  0.00327492   -0.00000000  0.00000000    0.00000000  0.00000000
  0.00000000  0.00000000   -0.00070020  0.01399381   -0.02930220 -0.00529731
  0.00000000  0.00000000   -0.02930220 -0.00529731   -0.00106535  0.00322328
    2    2
  0.08422593 -0.00000000   -0.00000000 -0.00000000    0.00000000 -0.00000000
  0.00000000 -0.00000000    0.07048919 -0.00000000   -0.00354860  0.00202025
  0.00000000  0.00000000   -0.00354860 -0.00202025    0.10043670 -0.00000000

     Dynamical  Matrix in cartesian axes

     q = (    0.000000000  -0.283857132   0.525384455 ) 

    1    1
  0.08422593 -0.00000000   -0.00000000 -0.00000000    0.00000000 -0.00000000
  0.00000000 -0.00000000    0.07048919 -0.00000000   -0.00354860  0.00202025
  0.00000000  0.00000000   -0.00354860 -0.00202025    0.10043670 -0.00000000
    1    2
 -0.07355730  0.00327492    0.00000000  0.00000000   -0.00000000  0.00000000
  0.00000000  0.00000000   -0.00070020  0.01399381   -0.02930220 -0.00529731
  0.00000000  0.00000000   -0.02930220 -0.00529731   -0.00106535  0.00322328
    2    1
 -0.07355730 -0.00327492    0.00000000 -0.00000000   -0.00000000 -0.00000000
  0.00000000 -0.00000000   -0.00070020 -0.01399381   -0.02930220  0.00529731
  0.00000000 -0.00000000   -0.02930220  0.00529731   -0.00106535 -0.00322328
    2    2
  0.08422593  0.00000000   -0.00000000  0.00000000    0.00000000  0.00000000
  0.00000000  0.00000000    0.07048919  0.00000000   -0.00354860 -0.00202025
  0.00000000  0.00000000   -0.00354860  0.00202025    0.10043670  0.00000000

     Dynamical  Matrix in cartesian axes

     q = (   -0.283857132   0.000000000   0.525384455 ) 

    1    1
  0.07048919  0.00000000    0.00000000  0.00000000   -0.00354860 -0.00202025
 -0.00000000  0.00000000    0.08422593  0.00000000    0.00000000  0.00000000
 -0.00354860  0.00202025    0.00000000  0.00000000    0.10043670  0.00000000
    1    2
 -0.00070020 -0.01399381    0.00000000  0.00000000   -0.02930220  0.00529731
 -0.00000000  0.00000000   -0.07355730 -0.00327492   -0.00000000 -0.00000000
 -0.02930220  0.00529731    0.00000000 -0.00000000   -0.00106535 -0.00322328
    2    1
 -0.00070020  0.01399381    0.00000000  0.00000000   -0.02930220 -0.00529731
 -0.00000000  0.00000000   -0.07355730  0.00327492   -0.00000000  0.00000000
 -0.02930220 -0.00529731    0.00000000  0.00000000   -0.00106535  0.00322328
    2    2
  0.07048919 -0.00000000    0.00000000 -0.00000000   -0.00354860  0.00202025
 -0.00000000 -0.00000000    0.08422593 -0.00000000    0.00000000  0.00000000
 -0.00354860 -0.00202025    0.00000000  0.00000000    0.10043670  0.00000000

     Dynamical  Matrix in cartesian axes

     q = (    0.000000000  -0.283857132  -0.525384455 ) 

    1    1
  0.08422593  0.00000000   -0.00000000  0.00000000    0.00000000  0.00000000
  0.00000000  0.00000000    0.07048919  0.00000000    0.00354860  0.00202025
  0.00000000  0.00000000    0.00354860 -0.00202025    0.10043670  0.00000000
    1    2
 -0.07355730 -0.00327492   -0.00000000  0.00000000   -0.00000000  0.00000000
 -0.00000000 -0.00000000   -0.00070020 -0.01399381    0.02930220 -0.00529731
 -0.00000000  0.00000000    0.02930220 -0.00529731   -0.00106535 -0.00322328
    2    1
 -0.07355730  0.00327492   -0.00000000  0.00000000   -0.00000000  0.00000000
 -0.00000000  0.00000000   -0.00070020  0.01399381    0.02930220  0.00529731
 -0.00000000  0.00000000    0.02930220  0.00529731   -0.00106535  0.00322328
    2    2
  0.08422593  0.00000000   -0.00000000  0.00000000    0.00000000  0.00000000
  0.00000000  0.00000000    0.07048919  0.00000000    0.00354860 -0.00202025
  0.00000000  0.00000000    0.00354860  0.00202025    0.10043670  0.00000000

     Dynamical  Matrix in cartesian axes

     q = (   -0.283857132   0.000000000  -0.525384455 ) 

    1    1
  0.07048919  0.00000000    0.00000000  0.00000000    0.00354860 -0.00202025
 -0.00000000  0.00000000    0.08422593  0.00000000    0.00000000  0.00000000
  0.00354860  0.00202025    0.00000000  0.00000000    0.10043670 -0.00000000
    1    2
 -0.00940000 -0.01039023    0.00000000  0.00000000   -0.02446555  0.01697402
  0.00000000  0.00000000    0.04969715 -0.05432858   -0.00000000  0.00000000
 -0.02446555  0.01697402   -0.00000000  0.00000000   -0.00152589 -0.00303252
    2    1
 -0.00940000  0.01039023    0.00000000  0.00000000   -0.02446555 -0.01697402
  0.00000000  0.00000000    0.04969715  0.05432858   -0.00000000  0.00000000
 -0.02446555 -0.01697402   -0.00000000 -0.00000000   -0.00152589  0.00303252
    2    2
  0.07048919  0.00000000    0.00000000  0.00000000    0.00354860  0.00202025
 -0.00000000  0.00000000    0.08422593  0.00000000    0.00000000  0.00000000
  0.00354860 -0.00202025    0.00000000  0.00000000    0.10043670  0.00000000

     Dynamical  Matrix in cartesian axes

     q = (    0.283857132   0.000000000  -0.525384455 ) 

    1    1
  0.07048919 -0.00000000    0.00000000 -0.00000000   -0.00354860  0.00202025
 -0.00000000 -0.00000000    0.08422593 -0.00000000    0.00000000  0.00000000
 -0.00354860 -0.00202025    0.00000000  0.00000000    0.10043670  0.00000000
    1    2
 -0.00070020  0.01399381    0.00000000  0.00000000   -0.02930220 -0.00529731
  0.00000000  0.00000000   -0.07355730  0.00327492    0.00000000  0.00000000
 -0.02930220 -0.00529731    0.00000000  0.00000000   -0.00106535  0.00322328
    2    1
 -0.00070020 -0.01399381    0.00000000 -0.00000000   -0.02930220  0.00529731
  0.00000000 -0.00000000   -0.07355730 -0.00327492    0.00000000 -0.00000000
 -0.02930220  0.00529731    0.00000000 -0.00000000   -0.00106535 -0.00322328
    2    2
  0.07048919  0.00000000    0.00000000  0.00000000   -0.00354860 -0.00202025
 -0.00000000  0.00000000    0.08422593  0.00000000    0.00000000  0.00000000
 -0.00354860  0.00202025    0.00000000  0.00000000    0.10043670  0.00000000

     Diagonalizing the dynamical matrix

     q = (    0.283857132   0.000000000   0.525384455 ) 

 **************************************************************************
     freq (    1) =       1.029515 [THz] =      34.340908 [cm-1]
 (  0.000000  0.000000  0.700282 -0.098008 -0.000000  0.000000 ) 
 ( -0.000000  0.000000 -0.400344  0.582859  0.000000  0.000000 ) 
     freq (    2) =       2.007950 [THz] =      66.978019 [cm-1]
 ( -0.466871 -0.421709  0.000000 -0.000000  0.268687 -0.178887 ) 
 (  0.154912 -0.609762 -0.000000  0.000000 -0.322790  0.000000 ) 
     freq (    3) =       2.497533 [THz] =      83.308734 [cm-1]
 ( -0.493797 -0.259441  0.000000 -0.000000 -0.254094  0.352549 ) 
 ( -0.078250  0.552288  0.000000 -0.000000 -0.434574  0.000000 ) 
     freq (    4) =       3.409224 [THz] =     113.719473 [cm-1]
 (  0.244874  0.271711  0.000000  0.000000 -0.486245 -0.360245 ) 
 (  0.358506 -0.072549  0.000000 -0.000000 -0.605153  0.000000 ) 
     freq (    5) =       3.507603 [THz] =     117.001037 [cm-1]
 ( -0.371929 -0.144661  0.000000 -0.000000 -0.544679 -0.209921 ) 
 (  0.399070 -0.001230 -0.000000 -0.000000  0.583731  0.000000 ) 
     freq (    6) =       3.973718 [THz] =     132.548954 [cm-1]
 (  0.000000 -0.000000  0.112636 -0.698078  0.000000 -0.000000 ) 
 ( -0.000000  0.000000 -0.439058 -0.554282 -0.000000  0.000000 ) 
 **************************************************************************
