Dynamical matrix file
default                                                                    
  1    2  0 11.0001074  1.0000000  0.5402846  0.0000000  0.0000000  0.0000000
Basis vectors
     -0.660543558    0.660543558    0.356881514
      0.660543558   -0.660543558    0.356881514
      0.660543558    0.660543558   -0.356881514
           1  'Sn  '    108197.545983522     
    1    1      0.0000000000      0.0000000000      0.0000000000
    2    1      0.6605435582      0.0000000000      0.1784407572

     Dynamical  Matrix in cartesian axes

     q = (   -0.189238088   0.189238088  -0.700512607 ) 

    1    1
  0.07816177 -0.00000000   -0.00029432 -0.00262666    0.00182704 -0.00495926
 -0.00029432  0.00262666    0.07816177  0.00000000   -0.00182704 -0.00495926
  0.00182704  0.00495926   -0.00182704  0.00495926    0.09615302  0.00000000
    1    2
 -0.03160074 -0.02950003    0.00000000 -0.00236798   -0.01576160  0.01742603
 -0.00000000 -0.00236798    0.03160074 -0.02950003   -0.01576160 -0.01742603
 -0.01576160  0.01742603   -0.01576160 -0.01742603    0.00000000  0.00216778
    2    1
 -0.03160074  0.02950003    0.00000000  0.00236798   -0.01576160 -0.01742603
 -0.00000000  0.00236798    0.03160074  0.02950003   -0.01576160  0.01742603
 -0.01576160 -0.01742603   -0.01576160  0.01742603    0.00000000 -0.00216778
    2    2
  0.07816177  0.00000000   -0.00029432  0.00262666    0.00182704  0.00495926
 -0.00029432 -0.00262666    0.07816177 -0.00000000   -0.00182704  0.00495926
  0.00182704 -0.00495926   -0.00182704 -0.00495926    0.09615302  0.00000000

     Dynamical  Matrix in cartesian axes

     q = (    0.189238088  -0.189238088   0.700512607 ) 

    1    1
  0.07816177  0.00000000   -0.00029432  0.00262666    0.00182704  0.00495926
 -0.00029432 -0.00262666    0.07816177 -0.00000000   -0.00182704  0.00495926
  0.00182704 -0.00495926   -0.00182704 -0.00495926    0.09615302  0.00000000
    1    2
 -0.03160074  0.02950003    0.00000000  0.00236798   -0.01576160 -0.01742603
 -0.00000000  0.00236798    0.03160074  0.02950003   -0.01576160  0.01742603
 -0.01576160 -0.01742603   -0.01576160  0.01742603    0.00000000 -0.00216778
    2    1
 -0.03160074 -0.02950003    0.00000000 -0.00236798   -0.01576160  0.01742603
 -0.00000000 -0.00236798    0.03160074 -0.02950003   -0.01576160 -0.01742603
 -0.01576160  0.01742603   -0.01576160 -0.01742603    0.00000000  0.00216778
    2    2
  0.07816177 -0.00000000   -0.00029432 -0.00262666    0.00182704 -0.00495926
 -0.00029432  0.00262666    0.07816177  0.00000000   -0.00182704 -0.00495926
  0.00182704  0.00495926   -0.00182704  0.00495926    0.09615302  0.00000000

     Dynamical  Matrix in cartesian axes

     q = (    0.189238088   0.189238088   0.700512607 ) 

    1    1
  0.07816177  0.00000000    0.00029432 -0.00262666    0.00182704  0.00495926
  0.00029432  0.00262666    0.07816177  0.00000000    0.00182704 -0.00495926
  0.00182704 -0.00495926    0.00182704  0.00495926    0.09615302  0.00000000
    1    2
 -0.03160074  0.02950003    0.00000000 -0.00236798   -0.01576160 -0.01742603
  0.00000000 -0.00236798    0.03160074  0.02950003    0.01576160 -0.01742603
 -0.01576160 -0.01742603    0.01576160 -0.01742603    0.00000000 -0.00216778
    2    1
 -0.03160074 -0.02950003    0.00000000  0.00236798   -0.01576160  0.01742603
  0.00000000  0.00236798    0.03160074 -0.02950003    0.01576160  0.01742603
 -0.01576160  0.01742603    0.01576160  0.01742603    0.00000000  0.00216778
    2    2
  0.07816177  0.00000000    0.00029432  0.00262666    0.00182704 -0.00495926
  0.00029432 -0.00262666    0.07816177  0.00000000    0.00182704  0.00495926
  0.00182704  0.00495926    0.00182704 -0.00495926    0.09615302 -0.00000000

     Dynamical  Matrix in cartesian axes

     q = (   -0.189238088  -0.189238088  -0.700512607 ) 

    1    1
  0.07816177  0.00000000    0.00029432  0.00262666    0.00182704 -0.00495926
  0.00029432 -0.00262666    0.07816177  0.00000000    0.00182704  0.00495926
  0.00182704  0.00495926    0.00182704 -0.00495926    0.09615302 -0.00000000
    1    2
 -0.03160074 -0.02950003    0.00000000  0.00236798   -0.01576160  0.01742603
  0.00000000  0.00236798    0.03160074 -0.02950003    0.01576160  0.01742603
 -0.01576160  0.01742603    0.01576160  0.01742603    0.00000000  0.00216778
    2    1
 -0.03160074  0.02950003    0.00000000 -0.00236798   -0.01576160 -0.01742603
  0.00000000 -0.00236798    0.03160074  0.02950003    0.01576160 -0.01742603
 -0.01576160 -0.01742603    0.01576160 -0.01742603    0.00000000 -0.00216778
    2    2
  0.07816177  0.00000000    0.00029432 -0.00262666    0.00182704  0.00495926
  0.00029432  0.00262666    0.07816177  0.00000000    0.00182704 -0.00495926
  0.00182704 -0.00495926    0.00182704  0.00495926    0.09615302  0.00000000

     Dynamical  Matrix in cartesian axes

     q = (    0.189238088  -0.189238088  -0.700512607 ) 

    1    1
  0.07816177 -0.00000000   -0.00029432 -0.00262666   -0.00182704  0.00495926
 -0.00029432  0.00262666    0.07816177  0.00000000    0.00182704  0.00495926
 -0.00182704 -0.00495926    0.00182704 -0.00495926    0.09615302  0.00000000
    1    2
 -0.02950003  0.03160074   -0.00236798 -0.00000000   -0.01742603 -0.01576160
 -0.00236798  0.00000000   -0.02950003 -0.03160074    0.01742603 -0.01576160
 -0.01742603 -0.01576160    0.01742603 -0.01576160    0.00216778 -0.00000000
    2    1
 -0.02950003 -0.03160074   -0.00236798  0.00000000   -0.01742603  0.01576160
 -0.00236798  0.00000000   -0.02950003  0.03160074    0.01742603  0.01576160
 -0.01742603  0.01576160    0.01742603  0.01576160    0.00216778  0.00000000
    2    2
  0.07816177  0.00000000   -0.00029432  0.00262666   -0.00182704 -0.00495926
 -0.00029432 -0.00262666    0.07816177 -0.00000000    0.00182704 -0.00495926
 -0.00182704  0.00495926    0.00182704  0.00495926    0.09615302  0.00000000

     Dynamical  Matrix in cartesian axes

     q = (   -0.189238088   0.189238088   0.700512607 ) 

    1    1
  0.07816177  0.00000000   -0.00029432  0.00262666   -0.00182704 -0.00495926
 -0.00029432 -0.00262666    0.07816177 -0.00000000    0.00182704 -0.00495926
 -0.00182704  0.00495926    0.00182704  0.00495926    0.09615302  0.00000000
    1    2
 -0.02950003 -0.03160074   -0.00236798  0.00000000   -0.01742603  0.01576160
 -0.00236798 -0.00000000   -0.02950003  0.03160074    0.01742603  0.01576160
 -0.01742603  0.01576160    0.01742603  0.01576160    0.00216778  0.00000000
    2    1
 -0.02950003  0.03160074   -0.00236798  0.00000000   -0.01742603 -0.01576160
 -0.00236798  0.00000000   -0.02950003 -0.03160074    0.01742603 -0.01576160
 -0.01742603 -0.01576160    0.01742603 -0.01576160    0.00216778  0.00000000
    2    2
  0.07816177 -0.00000000   -0.00029432 -0.00262666   -0.00182704  0.00495926
 -0.00029432  0.00262666    0.07816177  0.00000000    0.00182704  0.00495926
 -0.00182704 -0.00495926    0.00182704 -0.00495926    0.09615302  0.00000000

     Dynamical  Matrix in cartesian axes

     q = (    0.189238088   0.189238088  -0.700512607 ) 

    1    1
  0.07816177 -0.00000000    0.00029432  0.00262666   -0.00182704  0.00495926
  0.00029432 -0.00262666    0.07816177  0.00000000   -0.00182704 -0.00495926
 -0.00182704 -0.00495926   -0.00182704  0.00495926    0.09615302  0.00000000
    1    2
 -0.02950003  0.03160074    0.00236798 -0.00000000   -0.01742603 -0.01576160
  0.00236798 -0.00000000   -0.02950003 -0.03160074   -0.01742603  0.01576160
 -0.01742603 -0.01576160   -0.01742603  0.01576160    0.00216778 -0.00000000
    2    1
 -0.02950003 -0.03160074    0.00236798  0.00000000   -0.01742603  0.01576160
  0.00236798  0.00000000   -0.02950003  0.03160074   -0.01742603 -0.01576160
 -0.01742603  0.01576160   -0.01742603 -0.01576160    0.00216778  0.00000000
    2    2
  0.07816177  0.00000000    0.00029432 -0.00262666   -0.00182704 -0.00495926
  0.00029432  0.00262666    0.07816177 -0.00000000   -0.00182704  0.00495926
 -0.00182704  0.00495926   -0.00182704 -0.00495926    0.09615302 -0.00000000

     Dynamical  Matrix in cartesian axes

     q = (   -0.189238088  -0.189238088   0.700512607 ) 

    1    1
  0.07816177  0.00000000    0.00029432 -0.00262666   -0.00182704 -0.00495926
  0.00029432  0.00262666    0.07816177 -0.00000000   -0.00182704  0.00495926
 -0.00182704  0.00495926   -0.00182704 -0.00495926    0.09615302 -0.00000000
    1    2
 -0.02950003 -0.03160074    0.00236798 -0.00000000   -0.01742603  0.01576160
  0.00236798  0.00000000   -0.02950003  0.03160074   -0.01742603 -0.01576160
 -0.01742603  0.01576160   -0.01742603 -0.01576160    0.00216778  0.00000000
    2    1
 -0.02950003  0.03160074    0.00236798  0.00000000   -0.01742603 -0.01576160
  0.00236798 -0.00000000   -0.02950003 -0.03160074   -0.01742603  0.01576160
 -0.01742603 -0.01576160   -0.01742603  0.01576160    0.00216778  0.00000000
    2    2
  0.07816177 -0.00000000    0.00029432  0.00262666   -0.00182704  0.00495926
  0.00029432 -0.00262666    0.07816177  0.00000000   -0.00182704 -0.00495926
 -0.00182704 -0.00495926   -0.00182704  0.00495926    0.09615302  0.00000000

     Diagonalizing the dynamical matrix

     q = (   -0.189238088   0.189238088  -0.700512607 ) 

 **************************************************************************
     freq (    1) =       1.326483 [THz] =      44.246720 [cm-1]
 ( -0.411470  0.188708 -0.411470 -0.188708 -0.000000  0.300273 ) 
 ( -0.188708  0.411470  0.188708  0.411470 -0.300273  0.000000 ) 
     freq (    2) =       1.734601 [THz] =      57.860069 [cm-1]
 (  0.165941  0.449690  0.165941 -0.449690  0.000000 -0.201208 ) 
 (  0.449690  0.165941 -0.449690  0.165941 -0.201208  0.000000 ) 
     freq (    3) =       2.963658 [THz] =      98.857001 [cm-1]
 (  0.301236  0.015011  0.301236 -0.015011 -0.000000  0.563970 ) 
 (  0.015011  0.301236 -0.015011  0.301236  0.563970  0.000000 ) 
     freq (    4) =       3.237214 [THz] =     107.981847 [cm-1]
 (  0.277496  0.187122  0.277496 -0.187122 -0.000000  0.525322 ) 
 ( -0.187122 -0.277496  0.187122 -0.277496 -0.525322  0.000000 ) 
     freq (    5) =       3.510793 [THz] =     117.107458 [cm-1]
 ( -0.060733 -0.423527 -0.060733  0.423527 -0.000000  0.365887 ) 
 (  0.423527  0.060733 -0.423527  0.060733 -0.365887  0.000000 ) 
     freq (    6) =       3.762159 [THz] =     125.492129 [cm-1]
 ( -0.362933  0.218067 -0.362933 -0.218067 -0.000000  0.376102 ) 
 (  0.218067 -0.362933 -0.218067 -0.362933  0.376102  0.000000 ) 
 **************************************************************************
