Dynamical matrix file
default                                                                    
  1    2  0 11.0001074  1.0000000  0.5402846  0.0000000  0.0000000  0.0000000
Basis vectors
     -0.660543558    0.660543558    0.356881514
      0.660543558   -0.660543558    0.356881514
      0.660543558    0.660543558   -0.356881514
           1  'Sn  '    108197.545983522     
    1    1      0.0000000000      0.0000000000      0.0000000000
    2    1      0.6605435582      0.0000000000      0.1784407572

     Dynamical  Matrix in cartesian axes

     q = (    0.094619044  -0.094619044   0.350256303 ) 

    1    1
  0.08380629 -0.00000000    0.00051253  0.00119851    0.00246460  0.00158371
  0.00051253 -0.00119851    0.08380629 -0.00000000   -0.00246460  0.00158371
  0.00246460 -0.00158371   -0.00246460 -0.00158371    0.07110131  0.00000000
    1    2
 -0.06112622  0.03040803   -0.00151543  0.00151543   -0.00221667 -0.01131347
 -0.00151543  0.00151543   -0.03040803  0.06112622   -0.01131347 -0.00221667
 -0.00221667 -0.01131347   -0.01131347 -0.00221667   -0.00482264  0.00482264
    2    1
 -0.06112622 -0.03040803   -0.00151543 -0.00151543   -0.00221667  0.01131347
 -0.00151543 -0.00151543   -0.03040803 -0.06112622   -0.01131347  0.00221667
 -0.00221667  0.01131347   -0.01131347  0.00221667   -0.00482264 -0.00482264
    2    2
  0.08380629  0.00000000    0.00051253 -0.00119851    0.00246460 -0.00158371
  0.00051253  0.00119851    0.08380629  0.00000000   -0.00246460 -0.00158371
  0.00246460  0.00158371   -0.00246460  0.00158371    0.07110131  0.00000000

     Dynamical  Matrix in cartesian axes

     q = (   -0.094619044   0.094619044   0.350256303 ) 

    1    1
  0.08380629  0.00000000    0.00051253  0.00119851   -0.00246460 -0.00158371
  0.00051253 -0.00119851    0.08380629  0.00000000    0.00246460 -0.00158371
 -0.00246460  0.00158371    0.00246460  0.00158371    0.07110131  0.00000000
    1    2
 -0.06472449 -0.02172104   -0.00214314  0.00000000   -0.00643241  0.00956725
 -0.00214314 -0.00000000   -0.06472449  0.02172104    0.00643241  0.00956725
 -0.00643241  0.00956725    0.00643241  0.00956725   -0.00682024  0.00000000
    2    1
 -0.06472449  0.02172104   -0.00214314  0.00000000   -0.00643241 -0.00956725
 -0.00214314  0.00000000   -0.06472449 -0.02172104    0.00643241 -0.00956725
 -0.00643241 -0.00956725    0.00643241 -0.00956725   -0.00682024  0.00000000
    2    2
  0.08380629 -0.00000000    0.00051253 -0.00119851   -0.00246460  0.00158371
  0.00051253  0.00119851    0.08380629 -0.00000000    0.00246460  0.00158371
 -0.00246460 -0.00158371    0.00246460 -0.00158371    0.07110131  0.00000000

     Dynamical  Matrix in cartesian axes

     q = (   -0.094619044   0.094619044  -0.350256303 ) 

    1    1
  0.08380629  0.00000000    0.00051253 -0.00119851    0.00246460 -0.00158371
  0.00051253  0.00119851    0.08380629  0.00000000   -0.00246460 -0.00158371
  0.00246460  0.00158371   -0.00246460  0.00158371    0.07110131  0.00000000
    1    2
 -0.06112622 -0.03040803   -0.00151543 -0.00151543   -0.00221667  0.01131347
 -0.00151543 -0.00151543   -0.03040803 -0.06112622   -0.01131347  0.00221667
 -0.00221667  0.01131347   -0.01131347  0.00221667   -0.00482264 -0.00482264
    2    1
 -0.06112622  0.03040803   -0.00151543  0.00151543   -0.00221667 -0.01131347
 -0.00151543  0.00151543   -0.03040803  0.06112622   -0.01131347 -0.00221667
 -0.00221667 -0.01131347   -0.01131347 -0.00221667   -0.00482264  0.00482264
    2    2
  0.08380629 -0.00000000    0.00051253  0.00119851    0.00246460  0.00158371
  0.00051253 -0.00119851    0.08380629 -0.00000000   -0.00246460  0.00158371
  0.00246460 -0.00158371   -0.00246460 -0.00158371    0.07110131  0.00000000

     Dynamical  Matrix in cartesian axes

     q = (    0.094619044   0.094619044   0.350256303 ) 

    1    1
  0.08380629  0.00000000   -0.00051253 -0.00119851    0.00246460  0.00158371
 -0.00051253  0.00119851    0.08380629  0.00000000    0.00246460 -0.00158371
  0.00246460 -0.00158371    0.00246460  0.00158371    0.07110131  0.00000000
    1    2
 -0.06112622  0.03040803    0.00151543 -0.00151543   -0.00221667 -0.01131347
  0.00151543 -0.00151543   -0.03040803  0.06112622    0.01131347  0.00221667
 -0.00221667 -0.01131347    0.01131347  0.00221667   -0.00482264  0.00482264
    2    1
 -0.06112622 -0.03040803    0.00151543  0.00151543   -0.00221667  0.01131347
  0.00151543  0.00151543   -0.03040803 -0.06112622    0.01131347 -0.00221667
 -0.00221667  0.01131347    0.01131347 -0.00221667   -0.00482264 -0.00482264
    2    2
  0.08380629  0.00000000   -0.00051253  0.00119851    0.00246460 -0.00158371
 -0.00051253 -0.00119851    0.08380629  0.00000000    0.00246460  0.00158371
  0.00246460  0.00158371    0.00246460 -0.00158371    0.07110131 -0.00000000

     Dynamical  Matrix in cartesian axes

     q = (    0.094619044  -0.094619044  -0.350256303 ) 

    1    1
  0.08380629 -0.00000000    0.00051253 -0.00119851   -0.00246460  0.00158371
  0.00051253  0.00119851    0.08380629 -0.00000000    0.00246460  0.00158371
 -0.00246460 -0.00158371    0.00246460 -0.00158371    0.07110131  0.00000000
    1    2
 -0.06472449  0.02172104   -0.00214314  0.00000000   -0.00643241 -0.00956725
 -0.00214314  0.00000000   -0.06472449 -0.02172104    0.00643241 -0.00956725
 -0.00643241 -0.00956725    0.00643241 -0.00956725   -0.00682024  0.00000000
    2    1
 -0.06472449 -0.02172104   -0.00214314  0.00000000   -0.00643241  0.00956725
 -0.00214314 -0.00000000   -0.06472449  0.02172104    0.00643241  0.00956725
 -0.00643241  0.00956725    0.00643241  0.00956725   -0.00682024  0.00000000
    2    2
  0.08380629  0.00000000    0.00051253  0.00119851   -0.00246460 -0.00158371
  0.00051253 -0.00119851    0.08380629  0.00000000    0.00246460 -0.00158371
 -0.00246460  0.00158371    0.00246460  0.00158371    0.07110131  0.00000000

     Dynamical  Matrix in cartesian axes

     q = (   -0.094619044  -0.094619044   0.350256303 ) 

    1    1
  0.08380629 -0.00000000   -0.00051253 -0.00119851   -0.00246460 -0.00158371
 -0.00051253  0.00119851    0.08380629  0.00000000   -0.00246460  0.00158371
 -0.00246460  0.00158371   -0.00246460 -0.00158371    0.07110131 -0.00000000
    1    2
 -0.06472449 -0.02172104    0.00214314 -0.00000000   -0.00643241  0.00956725
  0.00214314  0.00000000   -0.06472449  0.02172104   -0.00643241 -0.00956725
 -0.00643241  0.00956725   -0.00643241 -0.00956725   -0.00682024  0.00000000
    2    1
 -0.06472449  0.02172104    0.00214314  0.00000000   -0.00643241 -0.00956725
  0.00214314 -0.00000000   -0.06472449 -0.02172104   -0.00643241  0.00956725
 -0.00643241 -0.00956725   -0.00643241  0.00956725   -0.00682024  0.00000000
    2    2
  0.08380629  0.00000000   -0.00051253  0.00119851   -0.00246460  0.00158371
 -0.00051253 -0.00119851    0.08380629 -0.00000000   -0.00246460 -0.00158371
 -0.00246460 -0.00158371   -0.00246460  0.00158371    0.07110131  0.00000000

     Dynamical  Matrix in cartesian axes

     q = (   -0.094619044  -0.094619044  -0.350256303 ) 

    1    1
  0.08380629  0.00000000   -0.00051253  0.00119851    0.00246460 -0.00158371
 -0.00051253 -0.00119851    0.08380629  0.00000000    0.00246460  0.00158371
  0.00246460  0.00158371    0.00246460 -0.00158371    0.07110131 -0.00000000
    1    2
 -0.06112622 -0.03040803    0.00151543  0.00151543   -0.00221667  0.01131347
  0.00151543  0.00151543   -0.03040803 -0.06112622    0.01131347 -0.00221667
 -0.00221667  0.01131347    0.01131347 -0.00221667   -0.00482264 -0.00482264
    2    1
 -0.06112622  0.03040803    0.00151543 -0.00151543   -0.00221667 -0.01131347
  0.00151543 -0.00151543   -0.03040803  0.06112622    0.01131347  0.00221667
 -0.00221667 -0.01131347    0.01131347  0.00221667   -0.00482264  0.00482264
    2    2
  0.08380629  0.00000000   -0.00051253 -0.00119851    0.00246460  0.00158371
 -0.00051253  0.00119851    0.08380629  0.00000000    0.00246460 -0.00158371
  0.00246460 -0.00158371    0.00246460  0.00158371    0.07110131  0.00000000

     Dynamical  Matrix in cartesian axes

     q = (    0.094619044   0.094619044  -0.350256303 ) 

    1    1
  0.08380629  0.00000000   -0.00051253  0.00119851   -0.00246460  0.00158371
 -0.00051253 -0.00119851    0.08380629 -0.00000000   -0.00246460 -0.00158371
 -0.00246460 -0.00158371   -0.00246460  0.00158371    0.07110131  0.00000000
    1    2
 -0.06472449  0.02172104    0.00214314  0.00000000   -0.00643241 -0.00956725
  0.00214314 -0.00000000   -0.06472449 -0.02172104   -0.00643241  0.00956725
 -0.00643241 -0.00956725   -0.00643241  0.00956725   -0.00682024  0.00000000
    2    1
 -0.06472449 -0.02172104    0.00214314 -0.00000000   -0.00643241  0.00956725
  0.00214314  0.00000000   -0.06472449  0.02172104   -0.00643241 -0.00956725
 -0.00643241  0.00956725   -0.00643241 -0.00956725   -0.00682024  0.00000000
    2    2
  0.08380629 -0.00000000   -0.00051253 -0.00119851   -0.00246460 -0.00158371
 -0.00051253  0.00119851    0.08380629  0.00000000   -0.00246460  0.00158371
 -0.00246460  0.00158371   -0.00246460 -0.00158371    0.07110131 -0.00000000

     Diagonalizing the dynamical matrix

     q = (    0.094619044  -0.094619044   0.350256303 ) 

 **************************************************************************
     freq (    1) =       1.012595 [THz] =      33.776541 [cm-1]
 (  0.284363  0.393914  0.393914  0.284363 -0.118191  0.118191 ) 
 (  0.077465  0.479615 -0.077465  0.479615  0.167147  0.000000 ) 
     freq (    2) =       1.205517 [THz] =      40.211705 [cm-1]
 (  0.392875 -0.290608 -0.290608  0.392875 -0.105813  0.105813 ) 
 (  0.483295 -0.072313 -0.483295 -0.072313 -0.149642  0.000000 ) 
     freq (    3) =       2.542985 [THz] =      84.824848 [cm-1]
 ( -0.127540  0.003606  0.003606 -0.127540 -0.483447  0.483447 ) 
 ( -0.092734  0.087634  0.092734  0.087634 -0.683697  0.000000 ) 
     freq (    4) =       2.860201 [THz] =      95.406038 [cm-1]
 ( -0.087842 -0.082202 -0.082202 -0.087842 -0.485311  0.485311 ) 
 (  0.003988 -0.120239 -0.003988 -0.120239  0.686333  0.000000 ) 
     freq (    5) =       3.863425 [THz] =     128.870001 [cm-1]
 (  0.401773 -0.296773 -0.296773  0.401773 -0.022454  0.022454 ) 
 ( -0.493947  0.074246  0.493947  0.074246  0.031755  0.000000 ) 
     freq (    6) =       3.962974 [THz] =     132.190592 [cm-1]
 ( -0.281750 -0.406859 -0.406859 -0.281750  0.071295 -0.071295 ) 
 (  0.088465  0.486920 -0.088465  0.486920  0.100826  0.000000 ) 
 **************************************************************************
