Dynamical matrix file
default                                                                    
  1    2  0 11.0001074  1.0000000  0.5402846  0.0000000  0.0000000  0.0000000
Basis vectors
     -0.660543558    0.660543558    0.356881514
      0.660543558   -0.660543558    0.356881514
      0.660543558    0.660543558   -0.356881514
           1  'Sn  '    108197.545983522     
    1    1      0.0000000000      0.0000000000      0.0000000000
    2    1      0.6605435582      0.0000000000      0.1784407572

     Dynamical  Matrix in cartesian axes

     q = (    0.473095220   0.283857132   0.350256303 ) 

    1    1
  0.08740921  0.00000000    0.00226320 -0.00291653   -0.00115657 -0.00130040
  0.00226320  0.00291653    0.08740921  0.00000000    0.00115657 -0.00130040
 -0.00115657  0.00130040    0.00115657  0.00130040    0.07346901  0.00000000
    1    2
 -0.01042111 -0.02250377    0.00114509 -0.00114509   -0.02577846  0.00356022
  0.00114509 -0.00114509    0.02250377  0.01042111    0.00356022 -0.02577846
 -0.02577846  0.00356022    0.00356022 -0.02577846   -0.00107283  0.00107283
    2    1
 -0.01042111  0.02250377    0.00114509  0.00114509   -0.02577846 -0.00356022
  0.00114509  0.00114509    0.02250377 -0.01042111    0.00356022  0.02577846
 -0.02577846 -0.00356022    0.00356022  0.02577846   -0.00107283 -0.00107283
    2    2
  0.08740921 -0.00000000    0.00226320  0.00291653   -0.00115657  0.00130040
  0.00226320 -0.00291653    0.08740921 -0.00000000    0.00115657  0.00130040
 -0.00115657 -0.00130040    0.00115657 -0.00130040    0.07346901  0.00000000

     Dynamical  Matrix in cartesian axes

     q = (    0.283857132   0.473095220   0.350256303 ) 

    1    1
  0.08740921 -0.00000000    0.00226320 -0.00291653    0.00115657  0.00130040
  0.00226320  0.00291653    0.08740921 -0.00000000   -0.00115657  0.00130040
  0.00115657 -0.00130040   -0.00115657 -0.00130040    0.07346901  0.00000000
    1    2
 -0.00854374  0.02328141   -0.00161940  0.00000000   -0.02074558 -0.01571067
 -0.00161940  0.00000000   -0.00854374 -0.02328141    0.02074558 -0.01571067
 -0.02074558 -0.01571067    0.02074558 -0.01571067    0.00151721 -0.00000000
    2    1
 -0.00854374 -0.02328141   -0.00161940  0.00000000   -0.02074558  0.01571067
 -0.00161940  0.00000000   -0.00854374  0.02328141    0.02074558  0.01571067
 -0.02074558  0.01571067    0.02074558  0.01571067    0.00151721  0.00000000
    2    2
  0.08740921  0.00000000    0.00226320  0.00291653    0.00115657 -0.00130040
  0.00226320 -0.00291653    0.08740921  0.00000000   -0.00115657 -0.00130040
  0.00115657  0.00130040   -0.00115657  0.00130040    0.07346901  0.00000000

     Dynamical  Matrix in cartesian axes

     q = (    0.283857132   0.473095220  -0.350256303 ) 

    1    1
  0.08740921 -0.00000000    0.00226320  0.00291653   -0.00115657  0.00130040
  0.00226320 -0.00291653    0.08740921 -0.00000000    0.00115657  0.00130040
 -0.00115657 -0.00130040    0.00115657 -0.00130040    0.07346901  0.00000000
    1    2
 -0.01042111  0.02250377    0.00114509  0.00114509   -0.02577846 -0.00356022
  0.00114509  0.00114509    0.02250377 -0.01042111    0.00356022  0.02577846
 -0.02577846 -0.00356022    0.00356022  0.02577846   -0.00107283 -0.00107283
    2    1
 -0.01042111 -0.02250377    0.00114509 -0.00114509   -0.02577846  0.00356022
  0.00114509 -0.00114509    0.02250377  0.01042111    0.00356022 -0.02577846
 -0.02577846  0.00356022    0.00356022 -0.02577846   -0.00107283  0.00107283
    2    2
  0.08740921  0.00000000    0.00226320 -0.00291653   -0.00115657 -0.00130040
  0.00226320  0.00291653    0.08740921  0.00000000    0.00115657 -0.00130040
 -0.00115657  0.00130040    0.00115657  0.00130040    0.07346901  0.00000000

     Dynamical  Matrix in cartesian axes

     q = (    0.473095220  -0.283857132   0.350256303 ) 

    1    1
  0.08740921  0.00000000   -0.00226320  0.00291653   -0.00115657 -0.00130040
 -0.00226320 -0.00291653    0.08740921  0.00000000   -0.00115657  0.00130040
 -0.00115657  0.00130040   -0.00115657 -0.00130040    0.07346901  0.00000000
    1    2
 -0.01042111 -0.02250377   -0.00114509  0.00114509   -0.02577846  0.00356022
 -0.00114509  0.00114509    0.02250377  0.01042111   -0.00356022  0.02577846
 -0.02577846  0.00356022   -0.00356022  0.02577846   -0.00107283  0.00107283
    2    1
 -0.01042111  0.02250377   -0.00114509 -0.00114509   -0.02577846 -0.00356022
 -0.00114509 -0.00114509    0.02250377 -0.01042111   -0.00356022 -0.02577846
 -0.02577846 -0.00356022   -0.00356022 -0.02577846   -0.00107283 -0.00107283
    2    2
  0.08740921  0.00000000   -0.00226320 -0.00291653   -0.00115657  0.00130040
 -0.00226320  0.00291653    0.08740921  0.00000000   -0.00115657 -0.00130040
 -0.00115657 -0.00130040   -0.00115657  0.00130040    0.07346901  0.00000000

     Dynamical  Matrix in cartesian axes

     q = (   -0.283857132  -0.473095220  -0.350256303 ) 

    1    1
  0.08740921  0.00000000    0.00226320  0.00291653    0.00115657 -0.00130040
  0.00226320 -0.00291653    0.08740921  0.00000000   -0.00115657 -0.00130040
  0.00115657  0.00130040   -0.00115657  0.00130040    0.07346901  0.00000000
    1    2
 -0.00854374 -0.02328141   -0.00161940  0.00000000   -0.02074558  0.01571067
 -0.00161940  0.00000000   -0.00854374  0.02328141    0.02074558  0.01571067
 -0.02074558  0.01571067    0.02074558  0.01571067    0.00151721  0.00000000
    2    1
 -0.00854374  0.02328141   -0.00161940  0.00000000   -0.02074558 -0.01571067
 -0.00161940  0.00000000   -0.00854374 -0.02328141    0.02074558 -0.01571067
 -0.02074558 -0.01571067    0.02074558 -0.01571067    0.00151721 -0.00000000
    2    2
  0.08740921 -0.00000000    0.00226320 -0.00291653    0.00115657  0.00130040
  0.00226320  0.00291653    0.08740921 -0.00000000   -0.00115657  0.00130040
  0.00115657 -0.00130040   -0.00115657 -0.00130040    0.07346901  0.00000000

     Dynamical  Matrix in cartesian axes

     q = (   -0.473095220   0.283857132   0.350256303 ) 

    1    1
  0.08740921  0.00000000   -0.00226320  0.00291653    0.00115657  0.00130040
 -0.00226320 -0.00291653    0.08740921  0.00000000    0.00115657 -0.00130040
  0.00115657 -0.00130040    0.00115657  0.00130040    0.07346901  0.00000000
    1    2
 -0.00854374  0.02328141    0.00161940 -0.00000000   -0.02074558 -0.01571067
  0.00161940 -0.00000000   -0.00854374 -0.02328141   -0.02074558  0.01571067
 -0.02074558 -0.01571067   -0.02074558  0.01571067    0.00151721  0.00000000
    2    1
 -0.00854374 -0.02328141    0.00161940 -0.00000000   -0.02074558  0.01571067
  0.00161940  0.00000000   -0.00854374  0.02328141   -0.02074558 -0.01571067
 -0.02074558  0.01571067   -0.02074558 -0.01571067    0.00151721  0.00000000
    2    2
  0.08740921  0.00000000   -0.00226320 -0.00291653    0.00115657 -0.00130040
 -0.00226320  0.00291653    0.08740921  0.00000000    0.00115657  0.00130040
  0.00115657  0.00130040    0.00115657 -0.00130040    0.07346901  0.00000000

     Dynamical  Matrix in cartesian axes

     q = (   -0.473095220   0.283857132  -0.350256303 ) 

    1    1
  0.08740921  0.00000000   -0.00226320 -0.00291653   -0.00115657  0.00130040
 -0.00226320  0.00291653    0.08740921  0.00000000   -0.00115657 -0.00130040
 -0.00115657 -0.00130040   -0.00115657  0.00130040    0.07346901  0.00000000
    1    2
 -0.01042111  0.02250377   -0.00114509 -0.00114509   -0.02577846 -0.00356022
 -0.00114509 -0.00114509    0.02250377 -0.01042111   -0.00356022 -0.02577846
 -0.02577846 -0.00356022   -0.00356022 -0.02577846   -0.00107283 -0.00107283
    2    1
 -0.01042111 -0.02250377   -0.00114509  0.00114509   -0.02577846  0.00356022
 -0.00114509  0.00114509    0.02250377  0.01042111   -0.00356022  0.02577846
 -0.02577846  0.00356022   -0.00356022  0.02577846   -0.00107283  0.00107283
    2    2
  0.08740921  0.00000000   -0.00226320  0.00291653   -0.00115657 -0.00130040
 -0.00226320 -0.00291653    0.08740921  0.00000000   -0.00115657  0.00130040
 -0.00115657  0.00130040   -0.00115657 -0.00130040    0.07346901  0.00000000

     Dynamical  Matrix in cartesian axes

     q = (    0.473095220  -0.283857132  -0.350256303 ) 

    1    1
  0.08740921  0.00000000   -0.00226320 -0.00291653    0.00115657 -0.00130040
 -0.00226320  0.00291653    0.08740921  0.00000000    0.00115657  0.00130040
  0.00115657  0.00130040    0.00115657 -0.00130040    0.07346901  0.00000000
    1    2
 -0.00854374 -0.02328141    0.00161940  0.00000000   -0.02074558  0.01571067
  0.00161940  0.00000000   -0.00854374  0.02328141   -0.02074558 -0.01571067
 -0.02074558  0.01571067   -0.02074558 -0.01571067    0.00151721  0.00000000
    2    1
 -0.00854374  0.02328141    0.00161940 -0.00000000   -0.02074558 -0.01571067
  0.00161940 -0.00000000   -0.00854374 -0.02328141   -0.02074558  0.01571067
 -0.02074558 -0.01571067   -0.02074558  0.01571067    0.00151721 -0.00000000
    2    2
  0.08740921  0.00000000   -0.00226320  0.00291653    0.00115657  0.00130040
 -0.00226320 -0.00291653    0.08740921  0.00000000    0.00115657 -0.00130040
  0.00115657 -0.00130040    0.00115657  0.00130040    0.07346901  0.00000000

     Diagonalizing the dynamical matrix

     q = (    0.473095220   0.283857132   0.350256303 ) 

 **************************************************************************
     freq (    1) =       1.721188 [THz] =      57.412643 [cm-1]
 (  0.368564  0.008659  0.008659  0.368564  0.337766 -0.337766 ) 
 (  0.254491 -0.266737 -0.254491 -0.266737  0.477673  0.000000 ) 
     freq (    2) =       2.203529 [THz] =      73.501828 [cm-1]
 ( -0.221139  0.290914  0.290914 -0.221139  0.341272 -0.341272 ) 
 (  0.362077  0.049338 -0.362077  0.049338 -0.482631  0.000000 ) 
     freq (    3) =       2.631680 [THz] =      87.783390 [cm-1]
 (  0.107910  0.403851  0.403851  0.107910 -0.274335  0.274335 ) 
 (  0.209262  0.361870 -0.209262  0.361870  0.387969  0.000000 ) 
     freq (    4) =       3.147999 [THz] =     105.005950 [cm-1]
 ( -0.222022 -0.370567 -0.370567 -0.222022  0.251766 -0.251766 ) 
 (  0.105037  0.419024 -0.105037  0.419024  0.356051  0.000000 ) 
     freq (    5) =       3.389424 [THz] =     113.059014 [cm-1]
 (  0.254690 -0.335567 -0.335567  0.254690 -0.269310  0.269310 ) 
 (  0.417374  0.057189 -0.417374  0.057189 -0.380862  0.000000 ) 
     freq (    6) =       3.678423 [THz] =     122.698985 [cm-1]
 ( -0.435262 -0.047679 -0.047679 -0.435262 -0.241400  0.241400 ) 
 (  0.274062 -0.341491 -0.274062 -0.341491  0.341391  0.000000 ) 
 **************************************************************************
