Dynamical matrix file
default                                                                    
  1    2  0 11.0001074  1.0000000  0.5402846  0.0000000  0.0000000  0.0000000
Basis vectors
     -0.660543558    0.660543558    0.356881514
      0.660543558   -0.660543558    0.356881514
      0.660543558    0.660543558   -0.356881514
           1  'Sn  '    108197.545983522     
    1    1      0.0000000000      0.0000000000      0.0000000000
    2    1      0.6605435582      0.0000000000      0.1784407572

     Dynamical  Matrix in cartesian axes

     q = (   -0.283857132   0.094619044  -0.700512607 ) 

    1    1
  0.07321471  0.00000000    0.00016103 -0.00127560    0.00358615 -0.00373064
  0.00016103  0.00127560    0.08204178  0.00000000   -0.00082357 -0.00378196
  0.00358615  0.00373064   -0.00082357  0.00378196    0.09453746  0.00000000
    1    2
 -0.01167481 -0.01380783    0.00015608 -0.00159035   -0.02735840  0.01311178
  0.00015608 -0.00159035    0.05961015 -0.02320287   -0.00398799 -0.01086550
 -0.02735840  0.01311178   -0.00398799 -0.01086550   -0.00012064  0.00389999
    2    1
 -0.01167481  0.01380783    0.00015608  0.00159035   -0.02735840 -0.01311178
  0.00015608  0.00159035    0.05961015  0.02320287   -0.00398799  0.01086550
 -0.02735840 -0.01311178   -0.00398799  0.01086550   -0.00012064 -0.00389999
    2    2
  0.07321471 -0.00000000    0.00016103  0.00127560    0.00358615  0.00373064
  0.00016103 -0.00127560    0.08204178 -0.00000000   -0.00082357  0.00378196
  0.00358615 -0.00373064   -0.00082357 -0.00378196    0.09453746  0.00000000

     Dynamical  Matrix in cartesian axes

     q = (   -0.283857132  -0.094619044  -0.700512607 ) 

    1    1
  0.07321471  0.00000000   -0.00016103  0.00127560    0.00358615 -0.00373064
 -0.00016103 -0.00127560    0.08204178  0.00000000    0.00082357  0.00378196
  0.00358615  0.00373064    0.00082357 -0.00378196    0.09453746  0.00000000
    1    2
 -0.01167481 -0.01380783   -0.00015608  0.00159035   -0.02735840  0.01311178
 -0.00015608  0.00159035    0.05961015 -0.02320287    0.00398799  0.01086550
 -0.02735840  0.01311178    0.00398799  0.01086550   -0.00012064  0.00389999
    2    1
 -0.01167481  0.01380783   -0.00015608 -0.00159035   -0.02735840 -0.01311178
 -0.00015608 -0.00159035    0.05961015  0.02320287    0.00398799 -0.01086550
 -0.02735840 -0.01311178    0.00398799 -0.01086550   -0.00012064 -0.00389999
    2    2
  0.07321471  0.00000000   -0.00016103 -0.00127560    0.00358615  0.00373064
 -0.00016103  0.00127560    0.08204178 -0.00000000    0.00082357 -0.00378196
  0.00358615 -0.00373064    0.00082357  0.00378196    0.09453746 -0.00000000

     Dynamical  Matrix in cartesian axes

     q = (    0.283857132  -0.094619044   0.700512607 ) 

    1    1
  0.07321471 -0.00000000    0.00016103  0.00127560    0.00358615  0.00373064
  0.00016103 -0.00127560    0.08204178 -0.00000000   -0.00082357  0.00378196
  0.00358615 -0.00373064   -0.00082357 -0.00378196    0.09453746  0.00000000
    1    2
 -0.01167481  0.01380783    0.00015608  0.00159035   -0.02735840 -0.01311178
  0.00015608  0.00159035    0.05961015  0.02320287   -0.00398799  0.01086550
 -0.02735840 -0.01311178   -0.00398799  0.01086550   -0.00012064 -0.00389999
    2    1
 -0.01167481 -0.01380783    0.00015608 -0.00159035   -0.02735840  0.01311178
  0.00015608 -0.00159035    0.05961015 -0.02320287   -0.00398799 -0.01086550
 -0.02735840  0.01311178   -0.00398799 -0.01086550   -0.00012064  0.00389999
    2    2
  0.07321471  0.00000000    0.00016103 -0.00127560    0.00358615 -0.00373064
  0.00016103  0.00127560    0.08204178  0.00000000   -0.00082357 -0.00378196
  0.00358615  0.00373064   -0.00082357  0.00378196    0.09453746  0.00000000

     Dynamical  Matrix in cartesian axes

     q = (    0.283857132   0.094619044   0.700512607 ) 

    1    1
  0.07321471  0.00000000   -0.00016103 -0.00127560    0.00358615  0.00373064
 -0.00016103  0.00127560    0.08204178 -0.00000000    0.00082357 -0.00378196
  0.00358615 -0.00373064    0.00082357  0.00378196    0.09453746 -0.00000000
    1    2
 -0.01167481  0.01380783   -0.00015608 -0.00159035   -0.02735840 -0.01311178
 -0.00015608 -0.00159035    0.05961015  0.02320287    0.00398799 -0.01086550
 -0.02735840 -0.01311178    0.00398799 -0.01086550   -0.00012064 -0.00389999
    2    1
 -0.01167481 -0.01380783   -0.00015608  0.00159035   -0.02735840  0.01311178
 -0.00015608  0.00159035    0.05961015 -0.02320287    0.00398799  0.01086550
 -0.02735840  0.01311178    0.00398799  0.01086550   -0.00012064  0.00389999
    2    2
  0.07321471  0.00000000   -0.00016103  0.00127560    0.00358615 -0.00373064
 -0.00016103 -0.00127560    0.08204178  0.00000000    0.00082357  0.00378196
  0.00358615  0.00373064    0.00082357 -0.00378196    0.09453746  0.00000000

     Dynamical  Matrix in cartesian axes

     q = (   -0.094619044   0.283857132  -0.700512607 ) 

    1    1
  0.08204178 -0.00000000    0.00016103 -0.00127560    0.00082357 -0.00378196
  0.00016103  0.00127560    0.07321471 -0.00000000   -0.00358615 -0.00373064
  0.00082357  0.00378196   -0.00358615  0.00373064    0.09453746  0.00000000
    1    2
 -0.05961015 -0.02320287   -0.00015608 -0.00159035   -0.00398799  0.01086550
 -0.00015608 -0.00159035    0.01167481 -0.01380783   -0.02735840 -0.01311178
 -0.00398799  0.01086550   -0.02735840 -0.01311178    0.00012064  0.00389999
    2    1
 -0.05961015  0.02320287   -0.00015608  0.00159035   -0.00398799 -0.01086550
 -0.00015608  0.00159035    0.01167481  0.01380783   -0.02735840  0.01311178
 -0.00398799 -0.01086550   -0.02735840  0.01311178    0.00012064 -0.00389999
    2    2
  0.08204178  0.00000000    0.00016103  0.00127560    0.00082357  0.00378196
  0.00016103 -0.00127560    0.07321471  0.00000000   -0.00358615  0.00373064
  0.00082357 -0.00378196   -0.00358615 -0.00373064    0.09453746  0.00000000

     Dynamical  Matrix in cartesian axes

     q = (    0.283857132  -0.094619044  -0.700512607 ) 

    1    1
  0.07321471  0.00000000    0.00016103 -0.00127560   -0.00358615  0.00373064
  0.00016103  0.00127560    0.08204178  0.00000000    0.00082357  0.00378196
 -0.00358615 -0.00373064    0.00082357 -0.00378196    0.09453746  0.00000000
    1    2
 -0.00150827  0.01801894   -0.00123491  0.00101419   -0.02861674 -0.01007388
 -0.00123491  0.00101419   -0.05855764 -0.02574384    0.00486314 -0.01050300
 -0.02861674 -0.01007388    0.00486314 -0.01050300    0.00284301 -0.00267240
    2    1
 -0.00150827 -0.01801894   -0.00123491 -0.00101419   -0.02861674  0.01007388
 -0.00123491 -0.00101419   -0.05855764  0.02574384    0.00486314  0.01050300
 -0.02861674  0.01007388    0.00486314  0.01050300    0.00284301  0.00267240
    2    2
  0.07321471 -0.00000000    0.00016103  0.00127560   -0.00358615 -0.00373064
  0.00016103 -0.00127560    0.08204178 -0.00000000    0.00082357 -0.00378196
 -0.00358615  0.00373064    0.00082357  0.00378196    0.09453746  0.00000000

     Dynamical  Matrix in cartesian axes

     q = (   -0.094619044   0.283857132   0.700512607 ) 

    1    1
  0.08204178  0.00000000    0.00016103  0.00127560   -0.00082357 -0.00378196
  0.00016103 -0.00127560    0.07321471  0.00000000    0.00358615 -0.00373064
 -0.00082357  0.00378196    0.00358615  0.00373064    0.09453746  0.00000000
    1    2
 -0.05855764 -0.02574384   -0.00123491  0.00101419   -0.00486314  0.01050300
 -0.00123491  0.00101419   -0.00150827  0.01801894    0.02861674  0.01007388
 -0.00486314  0.01050300    0.02861674  0.01007388    0.00284301 -0.00267240
    2    1
 -0.05855764  0.02574384   -0.00123491 -0.00101419   -0.00486314 -0.01050300
 -0.00123491 -0.00101419   -0.00150827 -0.01801894    0.02861674 -0.01007388
 -0.00486314 -0.01050300    0.02861674 -0.01007388    0.00284301  0.00267240
    2    2
  0.08204178 -0.00000000    0.00016103 -0.00127560   -0.00082357  0.00378196
  0.00016103  0.00127560    0.07321471 -0.00000000    0.00358615  0.00373064
 -0.00082357 -0.00378196    0.00358615 -0.00373064    0.09453746  0.00000000

     Dynamical  Matrix in cartesian axes

     q = (    0.094619044  -0.283857132  -0.700512607 ) 

    1    1
  0.08204178 -0.00000000    0.00016103 -0.00127560   -0.00082357  0.00378196
  0.00016103  0.00127560    0.07321471 -0.00000000    0.00358615  0.00373064
 -0.00082357 -0.00378196    0.00358615 -0.00373064    0.09453746  0.00000000
    1    2
 -0.05855764  0.02574384   -0.00123491 -0.00101419   -0.00486314 -0.01050300
 -0.00123491 -0.00101419   -0.00150827 -0.01801894    0.02861674 -0.01007388
 -0.00486314 -0.01050300    0.02861674 -0.01007388    0.00284301  0.00267240
    2    1
 -0.05855764 -0.02574384   -0.00123491  0.00101419   -0.00486314  0.01050300
 -0.00123491  0.00101419   -0.00150827  0.01801894    0.02861674  0.01007388
 -0.00486314  0.01050300    0.02861674  0.01007388    0.00284301 -0.00267240
    2    2
  0.08204178  0.00000000    0.00016103  0.00127560   -0.00082357 -0.00378196
  0.00016103 -0.00127560    0.07321471  0.00000000    0.00358615 -0.00373064
 -0.00082357  0.00378196    0.00358615  0.00373064    0.09453746  0.00000000

     Dynamical  Matrix in cartesian axes

     q = (    0.283857132   0.094619044  -0.700512607 ) 

    1    1
  0.07321471  0.00000000   -0.00016103  0.00127560   -0.00358615  0.00373064
 -0.00016103 -0.00127560    0.08204178  0.00000000   -0.00082357 -0.00378196
 -0.00358615 -0.00373064   -0.00082357  0.00378196    0.09453746  0.00000000
    1    2
 -0.00150827  0.01801894    0.00123491 -0.00101419   -0.02861674 -0.01007388
  0.00123491 -0.00101419   -0.05855764 -0.02574384   -0.00486314  0.01050300
 -0.02861674 -0.01007388   -0.00486314  0.01050300    0.00284301 -0.00267240
    2    1
 -0.00150827 -0.01801894    0.00123491  0.00101419   -0.02861674  0.01007388
  0.00123491  0.00101419   -0.05855764  0.02574384   -0.00486314 -0.01050300
 -0.02861674  0.01007388   -0.00486314 -0.01050300    0.00284301  0.00267240
    2    2
  0.07321471 -0.00000000   -0.00016103 -0.00127560   -0.00358615 -0.00373064
 -0.00016103  0.00127560    0.08204178 -0.00000000   -0.00082357  0.00378196
 -0.00358615  0.00373064   -0.00082357 -0.00378196    0.09453746 -0.00000000

     Dynamical  Matrix in cartesian axes

     q = (    0.094619044  -0.283857132   0.700512607 ) 

    1    1
  0.08204178  0.00000000    0.00016103  0.00127560    0.00082357  0.00378196
  0.00016103 -0.00127560    0.07321471  0.00000000   -0.00358615  0.00373064
  0.00082357 -0.00378196   -0.00358615 -0.00373064    0.09453746  0.00000000
    1    2
 -0.05961015  0.02320287   -0.00015608  0.00159035   -0.00398799 -0.01086550
 -0.00015608  0.00159035    0.01167481  0.01380783   -0.02735840  0.01311178
 -0.00398799 -0.01086550   -0.02735840  0.01311178    0.00012064 -0.00389999
    2    1
 -0.05961015 -0.02320287   -0.00015608 -0.00159035   -0.00398799  0.01086550
 -0.00015608 -0.00159035    0.01167481 -0.01380783   -0.02735840 -0.01311178
 -0.00398799  0.01086550   -0.02735840 -0.01311178    0.00012064  0.00389999
    2    2
  0.08204178 -0.00000000    0.00016103 -0.00127560    0.00082357 -0.00378196
  0.00016103  0.00127560    0.07321471 -0.00000000   -0.00358615 -0.00373064
  0.00082357  0.00378196   -0.00358615  0.00373064    0.09453746  0.00000000

     Dynamical  Matrix in cartesian axes

     q = (    0.094619044   0.283857132  -0.700512607 ) 

    1    1
  0.08204178 -0.00000000   -0.00016103  0.00127560   -0.00082357  0.00378196
 -0.00016103 -0.00127560    0.07321471 -0.00000000   -0.00358615 -0.00373064
 -0.00082357 -0.00378196   -0.00358615  0.00373064    0.09453746 -0.00000000
    1    2
 -0.05855764  0.02574384    0.00123491  0.00101419   -0.00486314 -0.01050300
  0.00123491  0.00101419   -0.00150827 -0.01801894   -0.02861674  0.01007388
 -0.00486314 -0.01050300   -0.02861674  0.01007388    0.00284301  0.00267240
    2    1
 -0.05855764 -0.02574384    0.00123491 -0.00101419   -0.00486314  0.01050300
  0.00123491 -0.00101419   -0.00150827  0.01801894   -0.02861674 -0.01007388
 -0.00486314  0.01050300   -0.02861674 -0.01007388    0.00284301 -0.00267240
    2    2
  0.08204178  0.00000000   -0.00016103 -0.00127560   -0.00082357 -0.00378196
 -0.00016103  0.00127560    0.07321471  0.00000000   -0.00358615  0.00373064
 -0.00082357  0.00378196   -0.00358615 -0.00373064    0.09453746  0.00000000

     Dynamical  Matrix in cartesian axes

     q = (   -0.283857132  -0.094619044   0.700512607 ) 

    1    1
  0.07321471 -0.00000000   -0.00016103 -0.00127560   -0.00358615 -0.00373064
 -0.00016103  0.00127560    0.08204178 -0.00000000   -0.00082357  0.00378196
 -0.00358615  0.00373064   -0.00082357 -0.00378196    0.09453746 -0.00000000
    1    2
 -0.00150827 -0.01801894    0.00123491  0.00101419   -0.02861674  0.01007388
  0.00123491  0.00101419   -0.05855764  0.02574384   -0.00486314 -0.01050300
 -0.02861674  0.01007388   -0.00486314 -0.01050300    0.00284301  0.00267240
    2    1
 -0.00150827  0.01801894    0.00123491 -0.00101419   -0.02861674 -0.01007388
  0.00123491 -0.00101419   -0.05855764 -0.02574384   -0.00486314  0.01050300
 -0.02861674 -0.01007388   -0.00486314  0.01050300    0.00284301 -0.00267240
    2    2
  0.07321471  0.00000000   -0.00016103  0.00127560   -0.00358615  0.00373064
 -0.00016103 -0.00127560    0.08204178  0.00000000   -0.00082357 -0.00378196
 -0.00358615 -0.00373064   -0.00082357  0.00378196    0.09453746  0.00000000

     Dynamical  Matrix in cartesian axes

     q = (   -0.094619044  -0.283857132  -0.700512607 ) 

    1    1
  0.08204178 -0.00000000   -0.00016103  0.00127560    0.00082357 -0.00378196
 -0.00016103 -0.00127560    0.07321471  0.00000000    0.00358615  0.00373064
  0.00082357  0.00378196    0.00358615 -0.00373064    0.09453746 -0.00000000
    1    2
 -0.05961015 -0.02320287    0.00015608  0.00159035   -0.00398799  0.01086550
  0.00015608  0.00159035    0.01167481 -0.01380783    0.02735840  0.01311178
 -0.00398799  0.01086550    0.02735840  0.01311178    0.00012064  0.00389999
    2    1
 -0.05961015  0.02320287    0.00015608 -0.00159035   -0.00398799 -0.01086550
  0.00015608 -0.00159035    0.01167481  0.01380783    0.02735840 -0.01311178
 -0.00398799 -0.01086550    0.02735840 -0.01311178    0.00012064 -0.00389999
    2    2
  0.08204178  0.00000000   -0.00016103 -0.00127560    0.00082357  0.00378196
 -0.00016103  0.00127560    0.07321471  0.00000000    0.00358615 -0.00373064
  0.00082357 -0.00378196    0.00358615  0.00373064    0.09453746  0.00000000

     Dynamical  Matrix in cartesian axes

     q = (   -0.094619044  -0.283857132   0.700512607 ) 

    1    1
  0.08204178  0.00000000   -0.00016103 -0.00127560   -0.00082357 -0.00378196
 -0.00016103  0.00127560    0.07321471  0.00000000   -0.00358615  0.00373064
 -0.00082357  0.00378196   -0.00358615 -0.00373064    0.09453746  0.00000000
    1    2
 -0.05855764 -0.02574384    0.00123491 -0.00101419   -0.00486314  0.01050300
  0.00123491 -0.00101419   -0.00150827  0.01801894   -0.02861674 -0.01007388
 -0.00486314  0.01050300   -0.02861674 -0.01007388    0.00284301 -0.00267240
    2    1
 -0.05855764  0.02574384    0.00123491  0.00101419   -0.00486314 -0.01050300
  0.00123491  0.00101419   -0.00150827 -0.01801894   -0.02861674  0.01007388
 -0.00486314 -0.01050300   -0.02861674  0.01007388    0.00284301  0.00267240
    2    2
  0.08204178 -0.00000000   -0.00016103  0.00127560   -0.00082357  0.00378196
 -0.00016103 -0.00127560    0.07321471 -0.00000000   -0.00358615 -0.00373064
 -0.00082357 -0.00378196   -0.00358615  0.00373064    0.09453746 -0.00000000

     Dynamical  Matrix in cartesian axes

     q = (   -0.283857132   0.094619044   0.700512607 ) 

    1    1
  0.07321471 -0.00000000    0.00016103  0.00127560   -0.00358615 -0.00373064
  0.00016103 -0.00127560    0.08204178 -0.00000000    0.00082357 -0.00378196
 -0.00358615  0.00373064    0.00082357  0.00378196    0.09453746  0.00000000
    1    2
 -0.00150827 -0.01801894   -0.00123491 -0.00101419   -0.02861674  0.01007388
 -0.00123491 -0.00101419   -0.05855764  0.02574384    0.00486314  0.01050300
 -0.02861674  0.01007388    0.00486314  0.01050300    0.00284301  0.00267240
    2    1
 -0.00150827  0.01801894   -0.00123491  0.00101419   -0.02861674 -0.01007388
 -0.00123491  0.00101419   -0.05855764 -0.02574384    0.00486314 -0.01050300
 -0.02861674 -0.01007388    0.00486314 -0.01050300    0.00284301 -0.00267240
    2    2
  0.07321471  0.00000000    0.00016103 -0.00127560   -0.00358615  0.00373064
  0.00016103  0.00127560    0.08204178  0.00000000    0.00082357  0.00378196
 -0.00358615 -0.00373064    0.00082357 -0.00378196    0.09453746  0.00000000

     Dynamical  Matrix in cartesian axes

     q = (    0.094619044   0.283857132   0.700512607 ) 

    1    1
  0.08204178  0.00000000   -0.00016103 -0.00127560    0.00082357  0.00378196
 -0.00016103  0.00127560    0.07321471  0.00000000    0.00358615 -0.00373064
  0.00082357 -0.00378196    0.00358615  0.00373064    0.09453746  0.00000000
    1    2
 -0.05961015  0.02320287    0.00015608 -0.00159035   -0.00398799 -0.01086550
  0.00015608 -0.00159035    0.01167481  0.01380783    0.02735840 -0.01311178
 -0.00398799 -0.01086550    0.02735840 -0.01311178    0.00012064 -0.00389999
    2    1
 -0.05961015 -0.02320287    0.00015608  0.00159035   -0.00398799  0.01086550
  0.00015608  0.00159035    0.01167481 -0.01380783    0.02735840  0.01311178
 -0.00398799  0.01086550    0.02735840  0.01311178    0.00012064  0.00389999
    2    2
  0.08204178 -0.00000000   -0.00016103  0.00127560    0.00082357 -0.00378196
 -0.00016103 -0.00127560    0.07321471  0.00000000    0.00358615  0.00373064
  0.00082357  0.00378196    0.00358615 -0.00373064    0.09453746 -0.00000000

     Diagonalizing the dynamical matrix

     q = (   -0.283857132   0.094619044  -0.700512607 ) 

 **************************************************************************
     freq (    1) =       1.191100 [THz] =      39.730835 [cm-1]
 ( -0.119364  0.009694 -0.345368 -0.580186 -0.131471  0.111710 ) 
 ( -0.097239  0.069902  0.112489  0.665763 -0.172522  0.000000 ) 
     freq (    2) =       1.899779 [THz] =      63.369794 [cm-1]
 ( -0.487054  0.343162  0.160453  0.021277  0.241376  0.246087 ) 
 (  0.096070  0.588006 -0.127545 -0.099650 -0.344704  0.000000 ) 
     freq (    3) =       2.614810 [THz] =      87.220658 [cm-1]
 (  0.518672 -0.154971  0.058586 -0.076954  0.119469  0.428178 ) 
 ( -0.009875  0.541239 -0.058377  0.077112  0.444532  0.000000 ) 
     freq (    4) =       3.319648 [THz] =     110.731534 [cm-1]
 ( -0.314343  0.156229 -0.096558 -0.024262  0.185282 -0.576662 ) 
 ( -0.244897  0.251485 -0.006438  0.099351  0.605697  0.000000 ) 
     freq (    5) =       3.496767 [THz] =     116.639589 [cm-1]
 (  0.411674 -0.173689 -0.177275 -0.116291  0.160646 -0.479166 ) 
 ( -0.295540  0.335111 -0.053908 -0.205046 -0.505378  0.000000 ) 
     freq (    6) =       3.855062 [THz] =     128.591041 [cm-1]
 ( -0.116019  0.036298 -0.345916 -0.577956 -0.133038  0.117608 ) 
 (  0.110964 -0.049647 -0.123629 -0.662123  0.177569  0.000000 ) 
 **************************************************************************
