Dynamical matrix file
default                                                                    
  1    2  0 11.0001074  1.0000000  0.5402846  0.0000000  0.0000000  0.0000000
Basis vectors
     -0.660543558    0.660543558    0.356881514
      0.660543558   -0.660543558    0.356881514
      0.660543558    0.660543558   -0.356881514
           1  'Sn  '    108197.545983522     
    1    1      0.0000000000      0.0000000000      0.0000000000
    2    1      0.6605435582      0.0000000000      0.1784407572

     Dynamical  Matrix in cartesian axes

     q = (    0.283857132   0.094619044   0.350256303 ) 

    1    1
  0.07902412 -0.00000000    0.00050023 -0.00139208    0.00539784  0.00212559
  0.00050023  0.00139208    0.08469123 -0.00000000    0.00275465 -0.00103326
  0.00539784 -0.00212559    0.00275465  0.00103326    0.07141350  0.00000000
    1    2
 -0.00702855  0.01770290    0.00039483 -0.00207360   -0.02014551 -0.01597861
  0.00039483 -0.00207360    0.02320633  0.06433873    0.00940753 -0.00605469
 -0.02014551 -0.01597861    0.00940753 -0.00605469   -0.00450899  0.00288830
    2    1
 -0.00702855 -0.01770290    0.00039483  0.00207360   -0.02014551  0.01597861
  0.00039483  0.00207360    0.02320633 -0.06433873    0.00940753  0.00605469
 -0.02014551  0.01597861    0.00940753  0.00605469   -0.00450899 -0.00288830
    2    2
  0.07902412  0.00000000    0.00050023  0.00139208    0.00539784 -0.00212559
  0.00050023 -0.00139208    0.08469123  0.00000000    0.00275465  0.00103326
  0.00539784  0.00212559    0.00275465 -0.00103326    0.07141350 -0.00000000

     Dynamical  Matrix in cartesian axes

     q = (    0.283857132  -0.094619044   0.350256303 ) 

    1    1
  0.07902412 -0.00000000   -0.00050023  0.00139208    0.00539784  0.00212559
 -0.00050023 -0.00139208    0.08469123 -0.00000000   -0.00275465  0.00103326
  0.00539784 -0.00212559   -0.00275465 -0.00103326    0.07141350 -0.00000000
    1    2
 -0.00702855  0.01770290   -0.00039483  0.00207360   -0.02014551 -0.01597861
 -0.00039483  0.00207360    0.02320633  0.06433873   -0.00940753  0.00605469
 -0.02014551 -0.01597861   -0.00940753  0.00605469   -0.00450899  0.00288830
    2    1
 -0.00702855 -0.01770290   -0.00039483 -0.00207360   -0.02014551  0.01597861
 -0.00039483 -0.00207360    0.02320633 -0.06433873   -0.00940753 -0.00605469
 -0.02014551  0.01597861   -0.00940753 -0.00605469   -0.00450899 -0.00288830
    2    2
  0.07902412  0.00000000   -0.00050023 -0.00139208    0.00539784 -0.00212559
 -0.00050023  0.00139208    0.08469123  0.00000000   -0.00275465 -0.00103326
  0.00539784  0.00212559   -0.00275465  0.00103326    0.07141350  0.00000000

     Dynamical  Matrix in cartesian axes

     q = (    0.094619044   0.283857132   0.350256303 ) 

    1    1
  0.08469123  0.00000000    0.00050023 -0.00139208    0.00275465  0.00103326
  0.00050023  0.00139208    0.07902412  0.00000000    0.00539784 -0.00212559
  0.00275465 -0.00103326    0.00539784  0.00212559    0.07141350  0.00000000
    1    2
 -0.06190371  0.02908500    0.00118707 -0.00174545   -0.00237081 -0.01093344
  0.00118707 -0.00174545   -0.00754790  0.01748778    0.02554361  0.00294645
 -0.00237081 -0.01093344    0.02554361  0.00294645    0.00114600  0.00523067
    2    1
 -0.06190371 -0.02908500    0.00118707  0.00174545   -0.00237081  0.01093344
  0.00118707  0.00174545   -0.00754790 -0.01748778    0.02554361 -0.00294645
 -0.00237081  0.01093344    0.02554361 -0.00294645    0.00114600 -0.00523067
    2    2
  0.08469123 -0.00000000    0.00050023  0.00139208    0.00275465 -0.00103326
  0.00050023 -0.00139208    0.07902412 -0.00000000    0.00539784  0.00212559
  0.00275465  0.00103326    0.00539784 -0.00212559    0.07141350 -0.00000000

     Dynamical  Matrix in cartesian axes

     q = (    0.094619044   0.283857132  -0.350256303 ) 

    1    1
  0.08469123 -0.00000000    0.00050023  0.00139208   -0.00275465  0.00103326
  0.00050023 -0.00139208    0.07902412 -0.00000000   -0.00539784 -0.00212559
 -0.00275465 -0.00103326   -0.00539784  0.00212559    0.07141350  0.00000000
    1    2
 -0.06433873  0.02320633    0.00207360  0.00039483   -0.00605469 -0.00940753
  0.00207360  0.00039483   -0.01770290 -0.00702855   -0.01597861  0.02014551
 -0.00605469 -0.00940753   -0.01597861  0.02014551   -0.00288830 -0.00450899
    2    1
 -0.06433873 -0.02320633    0.00207360 -0.00039483   -0.00605469  0.00940753
  0.00207360 -0.00039483   -0.01770290  0.00702855   -0.01597861 -0.02014551
 -0.00605469  0.00940753   -0.01597861 -0.02014551   -0.00288830  0.00450899
    2    2
  0.08469123  0.00000000    0.00050023 -0.00139208   -0.00275465 -0.00103326
  0.00050023  0.00139208    0.07902412  0.00000000   -0.00539784  0.00212559
 -0.00275465  0.00103326   -0.00539784 -0.00212559    0.07141350 -0.00000000

     Dynamical  Matrix in cartesian axes

     q = (   -0.094619044  -0.283857132   0.350256303 ) 

    1    1
  0.08469123  0.00000000    0.00050023 -0.00139208   -0.00275465 -0.00103326
  0.00050023  0.00139208    0.07902412  0.00000000   -0.00539784  0.00212559
 -0.00275465  0.00103326   -0.00539784 -0.00212559    0.07141350 -0.00000000
    1    2
 -0.06433873 -0.02320633    0.00207360 -0.00039483   -0.00605469  0.00940753
  0.00207360 -0.00039483   -0.01770290  0.00702855   -0.01597861 -0.02014551
 -0.00605469  0.00940753   -0.01597861 -0.02014551   -0.00288830  0.00450899
    2    1
 -0.06433873  0.02320633    0.00207360  0.00039483   -0.00605469 -0.00940753
  0.00207360  0.00039483   -0.01770290 -0.00702855   -0.01597861  0.02014551
 -0.00605469 -0.00940753   -0.01597861  0.02014551   -0.00288830 -0.00450899
    2    2
  0.08469123 -0.00000000    0.00050023  0.00139208   -0.00275465  0.00103326
  0.00050023 -0.00139208    0.07902412 -0.00000000   -0.00539784 -0.00212559
 -0.00275465 -0.00103326   -0.00539784  0.00212559    0.07141350  0.00000000

     Dynamical  Matrix in cartesian axes

     q = (   -0.283857132  -0.094619044   0.350256303 ) 

    1    1
  0.07902412 -0.00000000    0.00050023 -0.00139208   -0.00539784 -0.00212559
  0.00050023  0.00139208    0.08469123 -0.00000000   -0.00275465  0.00103326
 -0.00539784  0.00212559   -0.00275465 -0.00103326    0.07141350 -0.00000000
    1    2
 -0.00754790 -0.01748778    0.00118707  0.00174545   -0.02554361  0.00294645
  0.00118707  0.00174545   -0.06190371 -0.02908500    0.00237081 -0.01093344
 -0.02554361  0.00294645    0.00237081 -0.01093344    0.00114600 -0.00523067
    2    1
 -0.00754790  0.01748778    0.00118707 -0.00174545   -0.02554361 -0.00294645
  0.00118707 -0.00174545   -0.06190371  0.02908500    0.00237081  0.01093344
 -0.02554361 -0.00294645    0.00237081  0.01093344    0.00114600  0.00523067
    2    2
  0.07902412  0.00000000    0.00050023  0.00139208   -0.00539784  0.00212559
  0.00050023 -0.00139208    0.08469123  0.00000000   -0.00275465 -0.00103326
 -0.00539784 -0.00212559   -0.00275465  0.00103326    0.07141350  0.00000000

     Dynamical  Matrix in cartesian axes

     q = (   -0.094619044  -0.283857132  -0.350256303 ) 

    1    1
  0.08469123 -0.00000000    0.00050023  0.00139208    0.00275465 -0.00103326
  0.00050023 -0.00139208    0.07902412 -0.00000000    0.00539784  0.00212559
  0.00275465  0.00103326    0.00539784 -0.00212559    0.07141350 -0.00000000
    1    2
 -0.06190371 -0.02908500    0.00118707  0.00174545   -0.00237081  0.01093344
  0.00118707  0.00174545   -0.00754790 -0.01748778    0.02554361 -0.00294645
 -0.00237081  0.01093344    0.02554361 -0.00294645    0.00114600 -0.00523067
    2    1
 -0.06190371  0.02908500    0.00118707 -0.00174545   -0.00237081 -0.01093344
  0.00118707 -0.00174545   -0.00754790  0.01748778    0.02554361  0.00294645
 -0.00237081 -0.01093344    0.02554361  0.00294645    0.00114600  0.00523067
    2    2
  0.08469123  0.00000000    0.00050023 -0.00139208    0.00275465  0.00103326
  0.00050023  0.00139208    0.07902412  0.00000000    0.00539784 -0.00212559
  0.00275465 -0.00103326    0.00539784  0.00212559    0.07141350  0.00000000

     Dynamical  Matrix in cartesian axes

     q = (   -0.283857132  -0.094619044  -0.350256303 ) 

    1    1
  0.07902412  0.00000000    0.00050023  0.00139208    0.00539784 -0.00212559
  0.00050023 -0.00139208    0.08469123  0.00000000    0.00275465  0.00103326
  0.00539784  0.00212559    0.00275465 -0.00103326    0.07141350 -0.00000000
    1    2
 -0.00702855 -0.01770290    0.00039483  0.00207360   -0.02014551  0.01597861
  0.00039483  0.00207360    0.02320633 -0.06433873    0.00940753  0.00605469
 -0.02014551  0.01597861    0.00940753  0.00605469   -0.00450899 -0.00288830
    2    1
 -0.00702855  0.01770290    0.00039483 -0.00207360   -0.02014551 -0.01597861
  0.00039483 -0.00207360    0.02320633  0.06433873    0.00940753 -0.00605469
 -0.02014551 -0.01597861    0.00940753 -0.00605469   -0.00450899  0.00288830
    2    2
  0.07902412 -0.00000000    0.00050023 -0.00139208    0.00539784  0.00212559
  0.00050023  0.00139208    0.08469123 -0.00000000    0.00275465 -0.00103326
  0.00539784 -0.00212559    0.00275465  0.00103326    0.07141350  0.00000000

     Dynamical  Matrix in cartesian axes

     q = (   -0.283857132   0.094619044   0.350256303 ) 

    1    1
  0.07902412 -0.00000000   -0.00050023  0.00139208   -0.00539784 -0.00212559
 -0.00050023 -0.00139208    0.08469123 -0.00000000    0.00275465 -0.00103326
 -0.00539784  0.00212559    0.00275465  0.00103326    0.07141350 -0.00000000
    1    2
 -0.00754790 -0.01748778   -0.00118707 -0.00174545   -0.02554361  0.00294645
 -0.00118707 -0.00174545   -0.06190371 -0.02908500   -0.00237081  0.01093344
 -0.02554361  0.00294645   -0.00237081  0.01093344    0.00114600 -0.00523067
    2    1
 -0.00754790  0.01748778   -0.00118707  0.00174545   -0.02554361 -0.00294645
 -0.00118707  0.00174545   -0.06190371  0.02908500   -0.00237081 -0.01093344
 -0.02554361 -0.00294645   -0.00237081 -0.01093344    0.00114600  0.00523067
    2    2
  0.07902412  0.00000000   -0.00050023 -0.00139208   -0.00539784  0.00212559
 -0.00050023  0.00139208    0.08469123  0.00000000    0.00275465  0.00103326
 -0.00539784 -0.00212559    0.00275465 -0.00103326    0.07141350  0.00000000

     Dynamical  Matrix in cartesian axes

     q = (   -0.283857132   0.094619044  -0.350256303 ) 

    1    1
  0.07902412  0.00000000   -0.00050023 -0.00139208    0.00539784 -0.00212559
 -0.00050023  0.00139208    0.08469123  0.00000000   -0.00275465 -0.00103326
  0.00539784  0.00212559   -0.00275465  0.00103326    0.07141350  0.00000000
    1    2
 -0.00702855 -0.01770290   -0.00039483 -0.00207360   -0.02014551  0.01597861
 -0.00039483 -0.00207360    0.02320633 -0.06433873   -0.00940753 -0.00605469
 -0.02014551  0.01597861   -0.00940753 -0.00605469   -0.00450899 -0.00288830
    2    1
 -0.00702855  0.01770290   -0.00039483  0.00207360   -0.02014551 -0.01597861
 -0.00039483  0.00207360    0.02320633  0.06433873   -0.00940753  0.00605469
 -0.02014551 -0.01597861   -0.00940753  0.00605469   -0.00450899  0.00288830
    2    2
  0.07902412 -0.00000000   -0.00050023  0.00139208    0.00539784  0.00212559
 -0.00050023 -0.00139208    0.08469123 -0.00000000   -0.00275465  0.00103326
  0.00539784 -0.00212559   -0.00275465 -0.00103326    0.07141350 -0.00000000

     Dynamical  Matrix in cartesian axes

     q = (    0.094619044  -0.283857132   0.350256303 ) 

    1    1
  0.08469123  0.00000000   -0.00050023  0.00139208    0.00275465  0.00103326
 -0.00050023 -0.00139208    0.07902412  0.00000000   -0.00539784  0.00212559
  0.00275465 -0.00103326   -0.00539784 -0.00212559    0.07141350  0.00000000
    1    2
 -0.06190371  0.02908500   -0.00118707  0.00174545   -0.00237081 -0.01093344
 -0.00118707  0.00174545   -0.00754790  0.01748778   -0.02554361 -0.00294645
 -0.00237081 -0.01093344   -0.02554361 -0.00294645    0.00114600  0.00523067
    2    1
 -0.06190371 -0.02908500   -0.00118707 -0.00174545   -0.00237081  0.01093344
 -0.00118707 -0.00174545   -0.00754790 -0.01748778   -0.02554361  0.00294645
 -0.00237081  0.01093344   -0.02554361  0.00294645    0.00114600 -0.00523067
    2    2
  0.08469123 -0.00000000   -0.00050023 -0.00139208    0.00275465 -0.00103326
 -0.00050023  0.00139208    0.07902412 -0.00000000   -0.00539784 -0.00212559
  0.00275465  0.00103326   -0.00539784  0.00212559    0.07141350 -0.00000000

     Dynamical  Matrix in cartesian axes

     q = (    0.283857132  -0.094619044  -0.350256303 ) 

    1    1
  0.07902412  0.00000000   -0.00050023 -0.00139208   -0.00539784  0.00212559
 -0.00050023  0.00139208    0.08469123  0.00000000    0.00275465  0.00103326
 -0.00539784 -0.00212559    0.00275465 -0.00103326    0.07141350  0.00000000
    1    2
 -0.00754790  0.01748778   -0.00118707  0.00174545   -0.02554361 -0.00294645
 -0.00118707  0.00174545   -0.06190371  0.02908500   -0.00237081 -0.01093344
 -0.02554361 -0.00294645   -0.00237081 -0.01093344    0.00114600  0.00523067
    2    1
 -0.00754790 -0.01748778   -0.00118707 -0.00174545   -0.02554361  0.00294645
 -0.00118707 -0.00174545   -0.06190371 -0.02908500   -0.00237081  0.01093344
 -0.02554361  0.00294645   -0.00237081  0.01093344    0.00114600 -0.00523067
    2    2
  0.07902412 -0.00000000   -0.00050023  0.00139208   -0.00539784 -0.00212559
 -0.00050023 -0.00139208    0.08469123 -0.00000000    0.00275465 -0.00103326
 -0.00539784  0.00212559    0.00275465  0.00103326    0.07141350 -0.00000000

     Dynamical  Matrix in cartesian axes

     q = (   -0.094619044   0.283857132   0.350256303 ) 

    1    1
  0.08469123  0.00000000   -0.00050023  0.00139208   -0.00275465 -0.00103326
 -0.00050023 -0.00139208    0.07902412  0.00000000    0.00539784 -0.00212559
 -0.00275465  0.00103326    0.00539784  0.00212559    0.07141350  0.00000000
    1    2
 -0.06433873 -0.02320633   -0.00207360  0.00039483   -0.00605469  0.00940753
 -0.00207360  0.00039483   -0.01770290  0.00702855    0.01597861  0.02014551
 -0.00605469  0.00940753    0.01597861  0.02014551   -0.00288830  0.00450899
    2    1
 -0.06433873  0.02320633   -0.00207360 -0.00039483   -0.00605469 -0.00940753
 -0.00207360 -0.00039483   -0.01770290 -0.00702855    0.01597861 -0.02014551
 -0.00605469 -0.00940753    0.01597861 -0.02014551   -0.00288830 -0.00450899
    2    2
  0.08469123 -0.00000000   -0.00050023 -0.00139208   -0.00275465  0.00103326
 -0.00050023  0.00139208    0.07902412 -0.00000000    0.00539784  0.00212559
 -0.00275465 -0.00103326    0.00539784 -0.00212559    0.07141350 -0.00000000

     Dynamical  Matrix in cartesian axes

     q = (   -0.094619044   0.283857132  -0.350256303 ) 

    1    1
  0.08469123 -0.00000000   -0.00050023 -0.00139208    0.00275465 -0.00103326
 -0.00050023  0.00139208    0.07902412 -0.00000000   -0.00539784 -0.00212559
  0.00275465  0.00103326   -0.00539784  0.00212559    0.07141350 -0.00000000
    1    2
 -0.06190371 -0.02908500   -0.00118707 -0.00174545   -0.00237081  0.01093344
 -0.00118707 -0.00174545   -0.00754790 -0.01748778   -0.02554361  0.00294645
 -0.00237081  0.01093344   -0.02554361  0.00294645    0.00114600 -0.00523067
    2    1
 -0.06190371  0.02908500   -0.00118707  0.00174545   -0.00237081 -0.01093344
 -0.00118707  0.00174545   -0.00754790  0.01748778   -0.02554361 -0.00294645
 -0.00237081 -0.01093344   -0.02554361 -0.00294645    0.00114600  0.00523067
    2    2
  0.08469123  0.00000000   -0.00050023  0.00139208    0.00275465  0.00103326
 -0.00050023 -0.00139208    0.07902412  0.00000000   -0.00539784  0.00212559
  0.00275465 -0.00103326   -0.00539784 -0.00212559    0.07141350  0.00000000

     Dynamical  Matrix in cartesian axes

     q = (    0.283857132   0.094619044  -0.350256303 ) 

    1    1
  0.07902412  0.00000000    0.00050023  0.00139208   -0.00539784  0.00212559
  0.00050023 -0.00139208    0.08469123  0.00000000   -0.00275465 -0.00103326
 -0.00539784 -0.00212559   -0.00275465  0.00103326    0.07141350  0.00000000
    1    2
 -0.00754790  0.01748778    0.00118707 -0.00174545   -0.02554361 -0.00294645
  0.00118707 -0.00174545   -0.06190371  0.02908500    0.00237081  0.01093344
 -0.02554361 -0.00294645    0.00237081  0.01093344    0.00114600  0.00523067
    2    1
 -0.00754790 -0.01748778    0.00118707  0.00174545   -0.02554361  0.00294645
  0.00118707  0.00174545   -0.06190371 -0.02908500    0.00237081 -0.01093344
 -0.02554361  0.00294645    0.00237081 -0.01093344    0.00114600 -0.00523067
    2    2
  0.07902412 -0.00000000    0.00050023 -0.00139208   -0.00539784 -0.00212559
  0.00050023  0.00139208    0.08469123 -0.00000000   -0.00275465  0.00103326
 -0.00539784  0.00212559   -0.00275465 -0.00103326    0.07141350 -0.00000000

     Dynamical  Matrix in cartesian axes

     q = (    0.094619044  -0.283857132  -0.350256303 ) 

    1    1
  0.08469123 -0.00000000   -0.00050023 -0.00139208   -0.00275465  0.00103326
 -0.00050023  0.00139208    0.07902412 -0.00000000    0.00539784  0.00212559
 -0.00275465 -0.00103326    0.00539784 -0.00212559    0.07141350 -0.00000000
    1    2
 -0.06433873  0.02320633   -0.00207360 -0.00039483   -0.00605469 -0.00940753
 -0.00207360 -0.00039483   -0.01770290 -0.00702855    0.01597861 -0.02014551
 -0.00605469 -0.00940753    0.01597861 -0.02014551   -0.00288830 -0.00450899
    2    1
 -0.06433873 -0.02320633   -0.00207360  0.00039483   -0.00605469  0.00940753
 -0.00207360  0.00039483   -0.01770290  0.00702855    0.01597861  0.02014551
 -0.00605469  0.00940753    0.01597861  0.02014551   -0.00288830  0.00450899
    2    2
  0.08469123  0.00000000   -0.00050023  0.00139208   -0.00275465 -0.00103326
 -0.00050023 -0.00139208    0.07902412  0.00000000    0.00539784 -0.00212559
 -0.00275465  0.00103326    0.00539784  0.00212559    0.07141350  0.00000000

     Diagonalizing the dynamical matrix

     q = (    0.283857132   0.094619044   0.350256303 ) 

 **************************************************************************
     freq (    1) =       1.124935 [THz] =      37.523776 [cm-1]
 (  0.080866 -0.000392 -0.533029  0.420509  0.152172  0.096729 ) 
 (  0.068035  0.043711 -0.224258 -0.640825  0.180313  0.000000 ) 
     freq (    2) =       1.924325 [THz] =      64.188561 [cm-1]
 (  0.322924  0.441134  0.038225  0.067194 -0.423996 -0.123987 ) 
 ( -0.433757  0.332767 -0.055548  0.053765  0.441752  0.000000 ) 
     freq (    3) =       2.413892 [THz] =      80.518760 [cm-1]
 ( -0.323465 -0.132118 -0.048752  0.170733 -0.572345  0.137150 ) 
 ( -0.283772  0.203858 -0.087196 -0.154672 -0.588548  0.000000 ) 
     freq (    4) =       3.119691 [THz] =     104.061706 [cm-1]
 (  0.270354  0.352777 -0.040873 -0.054210  0.310525 -0.448801 ) 
 (  0.136279  0.423049 -0.021324 -0.064457 -0.545754  0.000000 ) 
     freq (    5) =       3.319361 [THz] =     110.721971 [cm-1]
 ( -0.565495 -0.222906 -0.116747 -0.014559 -0.007130 -0.341519 ) 
 (  0.234662  0.560719  0.016993  0.116417  0.341593  0.000000 ) 
     freq (    6) =       3.936258 [THz] =     131.299431 [cm-1]
 ( -0.064495 -0.036365  0.637335 -0.277314 -0.047575 -0.095687 ) 
 (  0.061276  0.041561 -0.035429 -0.694149  0.106862  0.000000 ) 
 **************************************************************************
