Dynamical matrix file
default                                                                    
  1    2  0 11.0001074  1.0000000  0.5402846  0.0000000  0.0000000  0.0000000
Basis vectors
     -0.660543558    0.660543558    0.356881514
      0.660543558   -0.660543558    0.356881514
      0.660543558    0.660543558   -0.356881514
           1  'Sn  '    108197.545983522     
    1    1      0.0000000000      0.0000000000      0.0000000000
    2    1      0.6605435582      0.0000000000      0.1784407572

     Dynamical  Matrix in cartesian axes

     q = (    0.473095220   0.189238088   0.525384455 ) 

    1    1
  0.07904189  0.00000000    0.00107570 -0.00273086   -0.00094003 -0.00354595
  0.00107570  0.00273086    0.08255971  0.00000000    0.00182485 -0.00325424
 -0.00094003  0.00354595    0.00182485  0.00325424    0.09563066  0.00000000
    1    2
 -0.01247221 -0.01854735    0.00055364 -0.00146813   -0.02834459  0.00781091
  0.00055364 -0.00146813    0.04765865  0.00288054   -0.00188862 -0.02249551
 -0.02834459  0.00781091   -0.00188862 -0.02249551    0.00148012 -0.00059451
    2    1
 -0.01247221  0.01854735    0.00055364  0.00146813   -0.02834459 -0.00781091
  0.00055364  0.00146813    0.04765865 -0.00288054   -0.00188862  0.02249551
 -0.02834459 -0.00781091   -0.00188862  0.02249551    0.00148012  0.00059451
    2    2
  0.07904189 -0.00000000    0.00107570  0.00273086   -0.00094003  0.00354595
  0.00107570 -0.00273086    0.08255971 -0.00000000    0.00182485  0.00325424
 -0.00094003 -0.00354595    0.00182485 -0.00325424    0.09563066  0.00000000

     Dynamical  Matrix in cartesian axes

     q = (    0.473095220  -0.189238088   0.525384455 ) 

    1    1
  0.07904189  0.00000000   -0.00107570  0.00273086   -0.00094003 -0.00354595
 -0.00107570 -0.00273086    0.08255971  0.00000000   -0.00182485  0.00325424
 -0.00094003  0.00354595   -0.00182485 -0.00325424    0.09563066  0.00000000
    1    2
 -0.01247221 -0.01854735   -0.00055364  0.00146813   -0.02834459  0.00781091
 -0.00055364  0.00146813    0.04765865  0.00288054    0.00188862  0.02249551
 -0.02834459  0.00781091    0.00188862  0.02249551    0.00148012 -0.00059451
    2    1
 -0.01247221  0.01854735   -0.00055364 -0.00146813   -0.02834459 -0.00781091
 -0.00055364 -0.00146813    0.04765865 -0.00288054    0.00188862 -0.02249551
 -0.02834459 -0.00781091    0.00188862 -0.02249551    0.00148012  0.00059451
    2    2
  0.07904189 -0.00000000   -0.00107570 -0.00273086   -0.00094003  0.00354595
 -0.00107570  0.00273086    0.08255971 -0.00000000   -0.00182485 -0.00325424
 -0.00094003 -0.00354595   -0.00182485  0.00325424    0.09563066 -0.00000000

     Dynamical  Matrix in cartesian axes

     q = (    0.189238088   0.473095220   0.525384455 ) 

    1    1
  0.08255971 -0.00000000    0.00107570 -0.00273086    0.00182485  0.00325424
  0.00107570  0.00273086    0.07904189 -0.00000000   -0.00094003  0.00354595
  0.00182485 -0.00325424   -0.00094003 -0.00354595    0.09563066  0.00000000
    1    2
 -0.03166290  0.03573660   -0.00142961 -0.00064664   -0.01457127 -0.01724218
 -0.00142961 -0.00064664   -0.00429578 -0.02193414    0.02556580 -0.01451951
 -0.01457127 -0.01724218    0.02556580 -0.01451951   -0.00146699  0.00062622
    2    1
 -0.03166290 -0.03573660   -0.00142961  0.00064664   -0.01457127  0.01724218
 -0.00142961  0.00064664   -0.00429578  0.02193414    0.02556580  0.01451951
 -0.01457127  0.01724218    0.02556580  0.01451951   -0.00146699 -0.00062622
    2    2
  0.08255971  0.00000000    0.00107570  0.00273086    0.00182485 -0.00325424
  0.00107570 -0.00273086    0.07904189  0.00000000   -0.00094003 -0.00354595
  0.00182485  0.00325424   -0.00094003  0.00354595    0.09563066 -0.00000000

     Dynamical  Matrix in cartesian axes

     q = (    0.189238088   0.473095220  -0.525384455 ) 

    1    1
  0.08255971  0.00000000    0.00107570  0.00273086   -0.00182485  0.00325424
  0.00107570 -0.00273086    0.07904189  0.00000000    0.00094003  0.00354595
 -0.00182485 -0.00325424    0.00094003 -0.00354595    0.09563066  0.00000000
    1    2
 -0.03573660  0.03166290    0.00064664  0.00142961   -0.01724218 -0.01457127
  0.00064664  0.00142961    0.02193414  0.00429578   -0.01451951  0.02556580
 -0.01724218 -0.01457127   -0.01451951  0.02556580   -0.00062622  0.00146699
    2    1
 -0.03573660 -0.03166290    0.00064664 -0.00142961   -0.01724218  0.01457127
  0.00064664 -0.00142961    0.02193414 -0.00429578   -0.01451951 -0.02556580
 -0.01724218  0.01457127   -0.01451951 -0.02556580   -0.00062622 -0.00146699
    2    2
  0.08255971 -0.00000000    0.00107570 -0.00273086   -0.00182485 -0.00325424
  0.00107570  0.00273086    0.07904189 -0.00000000    0.00094003 -0.00354595
 -0.00182485  0.00325424    0.00094003  0.00354595    0.09563066  0.00000000

     Dynamical  Matrix in cartesian axes

     q = (   -0.189238088  -0.473095220   0.525384455 ) 

    1    1
  0.08255971 -0.00000000    0.00107570 -0.00273086   -0.00182485 -0.00325424
  0.00107570  0.00273086    0.07904189 -0.00000000    0.00094003 -0.00354595
 -0.00182485  0.00325424    0.00094003  0.00354595    0.09563066  0.00000000
    1    2
 -0.03573660 -0.03166290    0.00064664 -0.00142961   -0.01724218  0.01457127
  0.00064664 -0.00142961    0.02193414 -0.00429578   -0.01451951 -0.02556580
 -0.01724218  0.01457127   -0.01451951 -0.02556580   -0.00062622 -0.00146699
    2    1
 -0.03573660  0.03166290    0.00064664  0.00142961   -0.01724218 -0.01457127
  0.00064664  0.00142961    0.02193414  0.00429578   -0.01451951  0.02556580
 -0.01724218 -0.01457127   -0.01451951  0.02556580   -0.00062622  0.00146699
    2    2
  0.08255971  0.00000000    0.00107570  0.00273086   -0.00182485  0.00325424
  0.00107570 -0.00273086    0.07904189  0.00000000    0.00094003  0.00354595
 -0.00182485 -0.00325424    0.00094003 -0.00354595    0.09563066  0.00000000

     Dynamical  Matrix in cartesian axes

     q = (   -0.473095220  -0.189238088   0.525384455 ) 

    1    1
  0.07904189  0.00000000    0.00107570 -0.00273086    0.00094003  0.00354595
  0.00107570  0.00273086    0.08255971  0.00000000   -0.00182485  0.00325424
  0.00094003 -0.00354595   -0.00182485 -0.00325424    0.09563066 -0.00000000
    1    2
 -0.00429578  0.02193414   -0.00142961  0.00064664   -0.02556580 -0.01451951
 -0.00142961  0.00064664   -0.03166290 -0.03573660    0.01457127 -0.01724218
 -0.02556580 -0.01451951    0.01457127 -0.01724218   -0.00146699 -0.00062622
    2    1
 -0.00429578 -0.02193414   -0.00142961 -0.00064664   -0.02556580  0.01451951
 -0.00142961 -0.00064664   -0.03166290  0.03573660    0.01457127  0.01724218
 -0.02556580  0.01451951    0.01457127  0.01724218   -0.00146699  0.00062622
    2    2
  0.07904189 -0.00000000    0.00107570  0.00273086    0.00094003 -0.00354595
  0.00107570 -0.00273086    0.08255971 -0.00000000   -0.00182485 -0.00325424
  0.00094003  0.00354595   -0.00182485  0.00325424    0.09563066  0.00000000

     Dynamical  Matrix in cartesian axes

     q = (   -0.189238088  -0.473095220  -0.525384455 ) 

    1    1
  0.08255971  0.00000000    0.00107570  0.00273086    0.00182485 -0.00325424
  0.00107570 -0.00273086    0.07904189  0.00000000   -0.00094003 -0.00354595
  0.00182485  0.00325424   -0.00094003  0.00354595    0.09563066 -0.00000000
    1    2
 -0.03166290 -0.03573660   -0.00142961  0.00064664   -0.01457127  0.01724218
 -0.00142961  0.00064664   -0.00429578  0.02193414    0.02556580  0.01451951
 -0.01457127  0.01724218    0.02556580  0.01451951   -0.00146699 -0.00062622
    2    1
 -0.03166290  0.03573660   -0.00142961 -0.00064664   -0.01457127 -0.01724218
 -0.00142961 -0.00064664   -0.00429578 -0.02193414    0.02556580 -0.01451951
 -0.01457127 -0.01724218    0.02556580 -0.01451951   -0.00146699  0.00062622
    2    2
  0.08255971 -0.00000000    0.00107570 -0.00273086    0.00182485  0.00325424
  0.00107570  0.00273086    0.07904189 -0.00000000   -0.00094003  0.00354595
  0.00182485 -0.00325424   -0.00094003 -0.00354595    0.09563066  0.00000000

     Dynamical  Matrix in cartesian axes

     q = (   -0.473095220  -0.189238088  -0.525384455 ) 

    1    1
  0.07904189 -0.00000000    0.00107570  0.00273086   -0.00094003  0.00354595
  0.00107570 -0.00273086    0.08255971 -0.00000000    0.00182485  0.00325424
 -0.00094003 -0.00354595    0.00182485 -0.00325424    0.09563066  0.00000000
    1    2
 -0.01247221  0.01854735    0.00055364  0.00146813   -0.02834459 -0.00781091
  0.00055364  0.00146813    0.04765865 -0.00288054   -0.00188862  0.02249551
 -0.02834459 -0.00781091   -0.00188862  0.02249551    0.00148012  0.00059451
    2    1
 -0.01247221 -0.01854735    0.00055364 -0.00146813   -0.02834459  0.00781091
  0.00055364 -0.00146813    0.04765865  0.00288054   -0.00188862 -0.02249551
 -0.02834459  0.00781091   -0.00188862 -0.02249551    0.00148012 -0.00059451
    2    2
  0.07904189  0.00000000    0.00107570 -0.00273086   -0.00094003 -0.00354595
  0.00107570  0.00273086    0.08255971  0.00000000    0.00182485 -0.00325424
 -0.00094003  0.00354595    0.00182485  0.00325424    0.09563066  0.00000000

     Dynamical  Matrix in cartesian axes

     q = (   -0.473095220   0.189238088   0.525384455 ) 

    1    1
  0.07904189  0.00000000   -0.00107570  0.00273086    0.00094003  0.00354595
 -0.00107570 -0.00273086    0.08255971  0.00000000    0.00182485 -0.00325424
  0.00094003 -0.00354595    0.00182485  0.00325424    0.09563066  0.00000000
    1    2
 -0.00429578  0.02193414    0.00142961 -0.00064664   -0.02556580 -0.01451951
  0.00142961 -0.00064664   -0.03166290 -0.03573660   -0.01457127  0.01724218
 -0.02556580 -0.01451951   -0.01457127  0.01724218   -0.00146699 -0.00062622
    2    1
 -0.00429578 -0.02193414    0.00142961  0.00064664   -0.02556580  0.01451951
  0.00142961  0.00064664   -0.03166290  0.03573660   -0.01457127 -0.01724218
 -0.02556580  0.01451951   -0.01457127 -0.01724218   -0.00146699  0.00062622
    2    2
  0.07904189 -0.00000000   -0.00107570 -0.00273086    0.00094003 -0.00354595
 -0.00107570  0.00273086    0.08255971 -0.00000000    0.00182485  0.00325424
  0.00094003  0.00354595    0.00182485 -0.00325424    0.09563066 -0.00000000

     Dynamical  Matrix in cartesian axes

     q = (   -0.473095220   0.189238088  -0.525384455 ) 

    1    1
  0.07904189 -0.00000000   -0.00107570 -0.00273086   -0.00094003  0.00354595
 -0.00107570  0.00273086    0.08255971 -0.00000000   -0.00182485 -0.00325424
 -0.00094003 -0.00354595   -0.00182485  0.00325424    0.09563066 -0.00000000
    1    2
 -0.01247221  0.01854735   -0.00055364 -0.00146813   -0.02834459 -0.00781091
 -0.00055364 -0.00146813    0.04765865 -0.00288054    0.00188862 -0.02249551
 -0.02834459 -0.00781091    0.00188862 -0.02249551    0.00148012  0.00059451
    2    1
 -0.01247221 -0.01854735   -0.00055364  0.00146813   -0.02834459  0.00781091
 -0.00055364  0.00146813    0.04765865  0.00288054    0.00188862  0.02249551
 -0.02834459  0.00781091    0.00188862  0.02249551    0.00148012 -0.00059451
    2    2
  0.07904189  0.00000000   -0.00107570  0.00273086   -0.00094003 -0.00354595
 -0.00107570 -0.00273086    0.08255971  0.00000000   -0.00182485  0.00325424
 -0.00094003  0.00354595   -0.00182485 -0.00325424    0.09563066  0.00000000

     Dynamical  Matrix in cartesian axes

     q = (    0.189238088  -0.473095220   0.525384455 ) 

    1    1
  0.08255971 -0.00000000   -0.00107570  0.00273086    0.00182485  0.00325424
 -0.00107570 -0.00273086    0.07904189 -0.00000000    0.00094003 -0.00354595
  0.00182485 -0.00325424    0.00094003  0.00354595    0.09563066 -0.00000000
    1    2
 -0.03166290  0.03573660    0.00142961  0.00064664   -0.01457127 -0.01724218
  0.00142961  0.00064664   -0.00429578 -0.02193414   -0.02556580  0.01451951
 -0.01457127 -0.01724218   -0.02556580  0.01451951   -0.00146699  0.00062622
    2    1
 -0.03166290 -0.03573660    0.00142961 -0.00064664   -0.01457127  0.01724218
  0.00142961 -0.00064664   -0.00429578  0.02193414   -0.02556580 -0.01451951
 -0.01457127  0.01724218   -0.02556580 -0.01451951   -0.00146699 -0.00062622
    2    2
  0.08255971  0.00000000   -0.00107570 -0.00273086    0.00182485 -0.00325424
 -0.00107570  0.00273086    0.07904189  0.00000000    0.00094003  0.00354595
  0.00182485  0.00325424    0.00094003 -0.00354595    0.09563066  0.00000000

     Dynamical  Matrix in cartesian axes

     q = (    0.473095220  -0.189238088  -0.525384455 ) 

    1    1
  0.07904189 -0.00000000   -0.00107570 -0.00273086    0.00094003 -0.00354595
 -0.00107570  0.00273086    0.08255971 -0.00000000    0.00182485  0.00325424
  0.00094003  0.00354595    0.00182485 -0.00325424    0.09563066 -0.00000000
    1    2
 -0.00429578 -0.02193414    0.00142961  0.00064664   -0.02556580  0.01451951
  0.00142961  0.00064664   -0.03166290  0.03573660   -0.01457127 -0.01724218
 -0.02556580  0.01451951   -0.01457127 -0.01724218   -0.00146699  0.00062622
    2    1
 -0.00429578  0.02193414    0.00142961 -0.00064664   -0.02556580 -0.01451951
  0.00142961 -0.00064664   -0.03166290 -0.03573660   -0.01457127  0.01724218
 -0.02556580 -0.01451951   -0.01457127  0.01724218   -0.00146699 -0.00062622
    2    2
  0.07904189  0.00000000   -0.00107570  0.00273086    0.00094003  0.00354595
 -0.00107570 -0.00273086    0.08255971  0.00000000    0.00182485 -0.00325424
  0.00094003 -0.00354595    0.00182485  0.00325424    0.09563066  0.00000000

     Dynamical  Matrix in cartesian axes

     q = (   -0.189238088   0.473095220   0.525384455 ) 

    1    1
  0.08255971 -0.00000000   -0.00107570  0.00273086   -0.00182485 -0.00325424
 -0.00107570 -0.00273086    0.07904189 -0.00000000   -0.00094003  0.00354595
 -0.00182485  0.00325424   -0.00094003 -0.00354595    0.09563066 -0.00000000
    1    2
 -0.03573660 -0.03166290   -0.00064664  0.00142961   -0.01724218  0.01457127
 -0.00064664  0.00142961    0.02193414 -0.00429578    0.01451951  0.02556580
 -0.01724218  0.01457127    0.01451951  0.02556580   -0.00062622 -0.00146699
    2    1
 -0.03573660  0.03166290   -0.00064664 -0.00142961   -0.01724218 -0.01457127
 -0.00064664 -0.00142961    0.02193414  0.00429578    0.01451951 -0.02556580
 -0.01724218 -0.01457127    0.01451951 -0.02556580   -0.00062622  0.00146699
    2    2
  0.08255971  0.00000000   -0.00107570 -0.00273086   -0.00182485  0.00325424
 -0.00107570  0.00273086    0.07904189  0.00000000   -0.00094003 -0.00354595
 -0.00182485 -0.00325424   -0.00094003  0.00354595    0.09563066  0.00000000

     Dynamical  Matrix in cartesian axes

     q = (   -0.189238088   0.473095220  -0.525384455 ) 

    1    1
  0.08255971  0.00000000   -0.00107570 -0.00273086    0.00182485 -0.00325424
 -0.00107570  0.00273086    0.07904189  0.00000000    0.00094003  0.00354595
  0.00182485  0.00325424    0.00094003 -0.00354595    0.09563066  0.00000000
    1    2
 -0.03166290 -0.03573660    0.00142961 -0.00064664   -0.01457127  0.01724218
  0.00142961 -0.00064664   -0.00429578  0.02193414   -0.02556580 -0.01451951
 -0.01457127  0.01724218   -0.02556580 -0.01451951   -0.00146699 -0.00062622
    2    1
 -0.03166290  0.03573660    0.00142961  0.00064664   -0.01457127 -0.01724218
  0.00142961  0.00064664   -0.00429578 -0.02193414   -0.02556580  0.01451951
 -0.01457127 -0.01724218   -0.02556580  0.01451951   -0.00146699  0.00062622
    2    2
  0.08255971 -0.00000000   -0.00107570  0.00273086    0.00182485  0.00325424
 -0.00107570 -0.00273086    0.07904189 -0.00000000    0.00094003 -0.00354595
  0.00182485 -0.00325424    0.00094003  0.00354595    0.09563066 -0.00000000

     Dynamical  Matrix in cartesian axes

     q = (    0.473095220   0.189238088  -0.525384455 ) 

    1    1
  0.07904189 -0.00000000    0.00107570  0.00273086    0.00094003 -0.00354595
  0.00107570 -0.00273086    0.08255971 -0.00000000   -0.00182485 -0.00325424
  0.00094003  0.00354595   -0.00182485  0.00325424    0.09563066  0.00000000
    1    2
 -0.00429578 -0.02193414   -0.00142961 -0.00064664   -0.02556580  0.01451951
 -0.00142961 -0.00064664   -0.03166290  0.03573660    0.01457127  0.01724218
 -0.02556580  0.01451951    0.01457127  0.01724218   -0.00146699  0.00062622
    2    1
 -0.00429578  0.02193414   -0.00142961  0.00064664   -0.02556580 -0.01451951
 -0.00142961  0.00064664   -0.03166290 -0.03573660    0.01457127 -0.01724218
 -0.02556580 -0.01451951    0.01457127 -0.01724218   -0.00146699 -0.00062622
    2    2
  0.07904189  0.00000000    0.00107570 -0.00273086    0.00094003  0.00354595
  0.00107570  0.00273086    0.08255971  0.00000000   -0.00182485  0.00325424
  0.00094003 -0.00354595   -0.00182485 -0.00325424    0.09563066 -0.00000000

     Dynamical  Matrix in cartesian axes

     q = (    0.189238088  -0.473095220  -0.525384455 ) 

    1    1
  0.08255971  0.00000000   -0.00107570 -0.00273086   -0.00182485  0.00325424
 -0.00107570  0.00273086    0.07904189  0.00000000   -0.00094003 -0.00354595
 -0.00182485 -0.00325424   -0.00094003  0.00354595    0.09563066  0.00000000
    1    2
 -0.03573660  0.03166290   -0.00064664 -0.00142961   -0.01724218 -0.01457127
 -0.00064664 -0.00142961    0.02193414  0.00429578    0.01451951 -0.02556580
 -0.01724218 -0.01457127    0.01451951 -0.02556580   -0.00062622  0.00146699
    2    1
 -0.03573660 -0.03166290   -0.00064664  0.00142961   -0.01724218  0.01457127
 -0.00064664  0.00142961    0.02193414 -0.00429578    0.01451951  0.02556580
 -0.01724218  0.01457127    0.01451951  0.02556580   -0.00062622 -0.00146699
    2    2
  0.08255971 -0.00000000   -0.00107570  0.00273086   -0.00182485 -0.00325424
 -0.00107570 -0.00273086    0.07904189 -0.00000000   -0.00094003  0.00354595
 -0.00182485  0.00325424   -0.00094003 -0.00354595    0.09563066 -0.00000000

     Diagonalizing the dynamical matrix

     q = (    0.473095220   0.189238088   0.525384455 ) 

 **************************************************************************
     freq (    1) =       1.485566 [THz] =      49.553147 [cm-1]
 ( -0.245931  0.004874 -0.167425 -0.564140 -0.234697  0.195261 ) 
 ( -0.192173  0.153542  0.232099  0.540754 -0.305303  0.000000 ) 
     freq (    2) =       2.053705 [THz] =      68.504227 [cm-1]
 ( -0.436561  0.365295  0.314861  0.049963  0.229667  0.146945 ) 
 (  0.170861  0.542985 -0.292148 -0.127606 -0.272653  0.000000 ) 
     freq (    3) =       2.708240 [THz] =      90.337155 [cm-1]
 (  0.455513  0.055411  0.184186  0.004219 -0.153671  0.481539 ) 
 ( -0.085697  0.450798 -0.051977  0.176750  0.505465  0.000000 ) 
     freq (    4) =       3.290184 [THz] =     109.748722 [cm-1]
 (  0.409701  0.134833  0.231592 -0.322710  0.279403  0.279503 ) 
 ( -0.385009 -0.194430  0.064500 -0.391939 -0.395207  0.000000 ) 
     freq (    5) =       3.533914 [THz] =     117.878666 [cm-1]
 (  0.323373 -0.232178 -0.104330  0.171560 -0.534437  0.124833 ) 
 (  0.367707  0.152539 -0.140618 -0.143333 -0.548822  0.000000 ) 
     freq (    6) =       3.793302 [THz] =     126.530935 [cm-1]
 (  0.245732  0.003061  0.069695  0.561416  0.330407 -0.101944 ) 
 ( -0.233906  0.075374  0.098923  0.557009 -0.345777  0.000000 ) 
 **************************************************************************
