Dynamical matrix file
default                                                                    
  1    2  0 11.0001074  1.0000000  0.5402846  0.0000000  0.0000000  0.0000000
Basis vectors
     -0.660543558    0.660543558    0.356881514
      0.660543558   -0.660543558    0.356881514
      0.660543558    0.660543558   -0.356881514
           1  'Sn  '    108197.545983522     
    1    1      0.0000000000      0.0000000000      0.0000000000
    2    1      0.6605435582      0.0000000000      0.1784407572

     Dynamical  Matrix in cartesian axes

     q = (    0.094619044   0.000000000   0.175128152 ) 

    1    1
  0.07830800  0.00000000    0.00000000  0.00000000    0.00186900  0.00103254
  0.00000000  0.00000000    0.08337598  0.00000000   -0.00000000  0.00000000
  0.00186900 -0.00103254    0.00000000  0.00000000    0.02912395  0.00000000
    1    2
 -0.06080993  0.02802775    0.00000000  0.00000000   -0.00062617 -0.00849947
  0.00000000  0.00000000   -0.05826877  0.05376739    0.00000000 -0.00000000
 -0.00062617 -0.00849947    0.00000000 -0.00000000   -0.00709300  0.00407251
    2    1
 -0.06080993 -0.02802775    0.00000000  0.00000000   -0.00062617  0.00849947
  0.00000000  0.00000000   -0.05826877 -0.05376739    0.00000000  0.00000000
 -0.00062617  0.00849947    0.00000000  0.00000000   -0.00709300 -0.00407251
    2    2
  0.07830800  0.00000000    0.00000000  0.00000000    0.00186900 -0.00103254
  0.00000000  0.00000000    0.08337598  0.00000000   -0.00000000  0.00000000
  0.00186900  0.00103254    0.00000000  0.00000000    0.02912395  0.00000000

     Dynamical  Matrix in cartesian axes

     q = (    0.000000000   0.094619044   0.175128152 ) 

    1    1
  0.08337598  0.00000000    0.00000000  0.00000000    0.00000000  0.00000000
  0.00000000  0.00000000    0.07830800  0.00000000    0.00186900 -0.00103254
  0.00000000  0.00000000    0.00186900  0.00103254    0.02912395  0.00000000
    1    2
 -0.07922153  0.00318296   -0.00000000 -0.00000000   -0.00000000 -0.00000000
 -0.00000000 -0.00000000   -0.06281773  0.02318050    0.00556726  0.00645280
 -0.00000000 -0.00000000    0.00556726  0.00645280   -0.00789521  0.00213581
    2    1
 -0.07922153 -0.00318296   -0.00000000  0.00000000   -0.00000000  0.00000000
 -0.00000000  0.00000000   -0.06281773 -0.02318050    0.00556726 -0.00645280
 -0.00000000  0.00000000    0.00556726 -0.00645280   -0.00789521 -0.00213581
    2    2
  0.08337598  0.00000000    0.00000000  0.00000000    0.00000000  0.00000000
  0.00000000  0.00000000    0.07830800  0.00000000    0.00186900  0.00103254
  0.00000000  0.00000000    0.00186900 -0.00103254    0.02912395  0.00000000

     Dynamical  Matrix in cartesian axes

     q = (    0.000000000   0.094619044  -0.175128152 ) 

    1    1
  0.08337598  0.00000000    0.00000000  0.00000000    0.00000000  0.00000000
  0.00000000  0.00000000    0.07830800  0.00000000   -0.00186900 -0.00103254
  0.00000000  0.00000000   -0.00186900  0.00103254    0.02912395  0.00000000
    1    2
 -0.07922153 -0.00318296    0.00000000  0.00000000   -0.00000000  0.00000000
 -0.00000000  0.00000000   -0.06281773 -0.02318050   -0.00556726  0.00645280
 -0.00000000  0.00000000   -0.00556726  0.00645280   -0.00789521 -0.00213581
    2    1
 -0.07922153  0.00318296    0.00000000 -0.00000000   -0.00000000 -0.00000000
 -0.00000000 -0.00000000   -0.06281773  0.02318050   -0.00556726 -0.00645280
 -0.00000000 -0.00000000   -0.00556726 -0.00645280   -0.00789521  0.00213581
    2    2
  0.08337598  0.00000000    0.00000000  0.00000000    0.00000000  0.00000000
  0.00000000  0.00000000    0.07830800  0.00000000   -0.00186900  0.00103254
  0.00000000  0.00000000   -0.00186900 -0.00103254    0.02912395  0.00000000

     Dynamical  Matrix in cartesian axes

     q = (    0.000000000  -0.094619044   0.175128152 ) 

    1    1
  0.08337598  0.00000000    0.00000000  0.00000000    0.00000000  0.00000000
  0.00000000  0.00000000    0.07830800  0.00000000   -0.00186900  0.00103254
  0.00000000  0.00000000   -0.00186900 -0.00103254    0.02912395  0.00000000
    1    2
 -0.07922153  0.00318296    0.00000000 -0.00000000   -0.00000000 -0.00000000
 -0.00000000  0.00000000   -0.06281773  0.02318050   -0.00556726 -0.00645280
 -0.00000000 -0.00000000   -0.00556726 -0.00645280   -0.00789521  0.00213581
    2    1
 -0.07922153 -0.00318296    0.00000000  0.00000000   -0.00000000  0.00000000
 -0.00000000 -0.00000000   -0.06281773 -0.02318050   -0.00556726  0.00645280
 -0.00000000  0.00000000   -0.00556726  0.00645280   -0.00789521 -0.00213581
    2    2
  0.08337598  0.00000000    0.00000000  0.00000000    0.00000000  0.00000000
  0.00000000  0.00000000    0.07830800  0.00000000   -0.00186900 -0.00103254
  0.00000000  0.00000000   -0.00186900  0.00103254    0.02912395  0.00000000

     Dynamical  Matrix in cartesian axes

     q = (   -0.094619044   0.000000000   0.175128152 ) 

    1    1
  0.07830800  0.00000000    0.00000000  0.00000000   -0.00186900 -0.00103254
  0.00000000  0.00000000    0.08337598  0.00000000   -0.00000000  0.00000000
 -0.00186900  0.00103254    0.00000000  0.00000000    0.02912395  0.00000000
    1    2
 -0.06281773 -0.02318050   -0.00000000  0.00000000   -0.00556726  0.00645280
  0.00000000  0.00000000   -0.07922153 -0.00318296    0.00000000  0.00000000
 -0.00556726  0.00645280   -0.00000000  0.00000000   -0.00789521 -0.00213581
    2    1
 -0.06281773  0.02318050   -0.00000000 -0.00000000   -0.00556726 -0.00645280
  0.00000000 -0.00000000   -0.07922153  0.00318296    0.00000000 -0.00000000
 -0.00556726 -0.00645280   -0.00000000 -0.00000000   -0.00789521  0.00213581
    2    2
  0.07830800  0.00000000    0.00000000  0.00000000   -0.00186900  0.00103254
  0.00000000  0.00000000    0.08337598  0.00000000   -0.00000000  0.00000000
 -0.00186900 -0.00103254    0.00000000  0.00000000    0.02912395  0.00000000

     Dynamical  Matrix in cartesian axes

     q = (    0.000000000  -0.094619044  -0.175128152 ) 

    1    1
  0.08337598  0.00000000    0.00000000  0.00000000    0.00000000  0.00000000
  0.00000000  0.00000000    0.07830800  0.00000000    0.00186900  0.00103254
  0.00000000  0.00000000    0.00186900 -0.00103254    0.02912395  0.00000000
    1    2
 -0.07922153 -0.00318296   -0.00000000  0.00000000   -0.00000000  0.00000000
 -0.00000000  0.00000000   -0.06281773 -0.02318050    0.00556726 -0.00645280
 -0.00000000  0.00000000    0.00556726 -0.00645280   -0.00789521 -0.00213581
    2    1
 -0.07922153  0.00318296   -0.00000000 -0.00000000   -0.00000000 -0.00000000
 -0.00000000 -0.00000000   -0.06281773  0.02318050    0.00556726  0.00645280
 -0.00000000 -0.00000000    0.00556726  0.00645280   -0.00789521  0.00213581
    2    2
  0.08337598  0.00000000    0.00000000  0.00000000    0.00000000  0.00000000
  0.00000000  0.00000000    0.07830800  0.00000000    0.00186900 -0.00103254
  0.00000000  0.00000000    0.00186900  0.00103254    0.02912395  0.00000000

     Dynamical  Matrix in cartesian axes

     q = (   -0.094619044   0.000000000  -0.175128152 ) 

    1    1
  0.07830800  0.00000000    0.00000000  0.00000000    0.00186900 -0.00103254
  0.00000000  0.00000000    0.08337598  0.00000000   -0.00000000  0.00000000
  0.00186900  0.00103254    0.00000000  0.00000000    0.02912395  0.00000000
    1    2
 -0.06080993 -0.02802775    0.00000000  0.00000000   -0.00062617  0.00849947
  0.00000000  0.00000000   -0.05826877 -0.05376739    0.00000000  0.00000000
 -0.00062617  0.00849947    0.00000000  0.00000000   -0.00709300 -0.00407251
    2    1
 -0.06080993  0.02802775    0.00000000  0.00000000   -0.00062617 -0.00849947
  0.00000000  0.00000000   -0.05826877  0.05376739    0.00000000 -0.00000000
 -0.00062617 -0.00849947    0.00000000 -0.00000000   -0.00709300  0.00407251
    2    2
  0.07830800  0.00000000    0.00000000  0.00000000    0.00186900  0.00103254
  0.00000000  0.00000000    0.08337598  0.00000000   -0.00000000  0.00000000
  0.00186900 -0.00103254    0.00000000  0.00000000    0.02912395  0.00000000

     Dynamical  Matrix in cartesian axes

     q = (    0.094619044   0.000000000  -0.175128152 ) 

    1    1
  0.07830800  0.00000000    0.00000000  0.00000000   -0.00186900  0.00103254
  0.00000000  0.00000000    0.08337598  0.00000000   -0.00000000  0.00000000
 -0.00186900 -0.00103254    0.00000000  0.00000000    0.02912395  0.00000000
    1    2
 -0.06281773  0.02318050   -0.00000000  0.00000000   -0.00556726 -0.00645280
  0.00000000 -0.00000000   -0.07922153  0.00318296    0.00000000 -0.00000000
 -0.00556726 -0.00645280   -0.00000000 -0.00000000   -0.00789521  0.00213581
    2    1
 -0.06281773 -0.02318050   -0.00000000 -0.00000000   -0.00556726  0.00645280
  0.00000000  0.00000000   -0.07922153 -0.00318296    0.00000000  0.00000000
 -0.00556726  0.00645280   -0.00000000  0.00000000   -0.00789521 -0.00213581
    2    2
  0.07830800  0.00000000    0.00000000  0.00000000   -0.00186900 -0.00103254
  0.00000000  0.00000000    0.08337598  0.00000000   -0.00000000  0.00000000
 -0.00186900  0.00103254    0.00000000  0.00000000    0.02912395  0.00000000

     Diagonalizing the dynamical matrix

     q = (    0.094619044   0.000000000   0.175128152 ) 

 **************************************************************************
     freq (    1) =       0.639671 [THz] =      21.337127 [cm-1]
 (  0.000000 -0.000000  0.278634 -0.649895  0.000000  0.000000 ) 
 (  0.000000 -0.000000  0.645501 -0.288668 -0.000000  0.000000 ) 
     freq (    2) =       0.826282 [THz] =      27.561808 [cm-1]
 ( -0.266376  0.580107  0.000000 -0.000000 -0.074099 -0.295007 ) 
 ( -0.497739  0.399670  0.000000 -0.000000  0.304171  0.000000 ) 
     freq (    3) =       1.491882 [THz] =      49.763827 [cm-1]
 (  0.216652 -0.023104  0.000000 -0.000000  0.666515 -0.091024 ) 
 (  0.217786 -0.006424  0.000000  0.000000  0.672702  0.000000 ) 
     freq (    4) =       2.003357 [THz] =      66.824806 [cm-1]
 ( -0.085998 -0.198148 -0.000000 -0.000000 -0.634830  0.224349 ) 
 (  0.015059 -0.215480  0.000000 -0.000000  0.673307  0.000000 ) 
     freq (    5) =       3.817206 [THz] =     127.328279 [cm-1]
 ( -0.169853 -0.685230  0.000000  0.000000  0.040061 -0.002274 ) 
 ( -0.130756  0.693753  0.000000 -0.000000  0.040126  0.000000 ) 
     freq (    6) =       4.033747 [THz] =     134.551305 [cm-1]
 ( -0.000000  0.000000 -0.123808  0.696184 -0.000000 -0.000000 ) 
 (  0.000000 -0.000000  0.563106 -0.427682 -0.000000  0.000000 ) 
 **************************************************************************
