Dynamical matrix file
default                                                                    
  1    2  0 11.0001074  1.0000000  0.5402846  0.0000000  0.0000000  0.0000000
Basis vectors
     -0.660543558    0.660543558    0.356881514
      0.660543558   -0.660543558    0.356881514
      0.660543558    0.660543558   -0.356881514
           1  'Sn  '    108197.545983522     
    1    1      0.0000000000      0.0000000000      0.0000000000
    2    1      0.6605435582      0.0000000000      0.1784407572

     Dynamical  Matrix in cartesian axes

     q = (    0.283857132   0.189238088   0.525384455 ) 

    1    1
  0.07380721  0.00000000    0.00060912 -0.00192207    0.00273299  0.00198251
  0.00060912  0.00192207    0.07756069 -0.00000000    0.00213064 -0.00300463
  0.00273299 -0.00198251    0.00213064  0.00300463    0.09945166 -0.00000000
    1    2
 -0.00759655  0.01462003   -0.00079029 -0.00333356   -0.02443968 -0.01677509
 -0.00079029 -0.00333356    0.02881354  0.03114350    0.01398737 -0.01915241
 -0.02443968 -0.01677509    0.01398737 -0.01915241    0.00074279  0.00427116
    2    1
 -0.00759655 -0.01462003   -0.00079029  0.00333356   -0.02443968  0.01677509
 -0.00079029  0.00333356    0.02881354 -0.03114350    0.01398737  0.01915241
 -0.02443968  0.01677509    0.01398737  0.01915241    0.00074279 -0.00427116
    2    2
  0.07380721  0.00000000    0.00060912  0.00192207    0.00273299 -0.00198251
  0.00060912 -0.00192207    0.07756069  0.00000000    0.00213064  0.00300463
  0.00273299  0.00198251    0.00213064 -0.00300463    0.09945166  0.00000000

     Dynamical  Matrix in cartesian axes

     q = (    0.189238088   0.283857132   0.525384455 ) 

    1    1
  0.07756069  0.00000000    0.00060912 -0.00192207    0.00213064  0.00300463
  0.00060912  0.00192207    0.07380721  0.00000000    0.00273299 -0.00198251
  0.00213064 -0.00300463    0.00273299  0.00198251    0.09945166 -0.00000000
    1    2
 -0.02881354  0.03114350    0.00079029 -0.00333356   -0.01398737 -0.01915241
  0.00079029 -0.00333356    0.00759655  0.01462003    0.02443968 -0.01677509
 -0.01398737 -0.01915241    0.02443968 -0.01677509   -0.00074279  0.00427116
    2    1
 -0.02881354 -0.03114350    0.00079029  0.00333356   -0.01398737  0.01915241
  0.00079029  0.00333356    0.00759655 -0.01462003    0.02443968  0.01677509
 -0.01398737  0.01915241    0.02443968  0.01677509   -0.00074279 -0.00427116
    2    2
  0.07756069 -0.00000000    0.00060912  0.00192207    0.00213064 -0.00300463
  0.00060912 -0.00192207    0.07380721  0.00000000    0.00273299  0.00198251
  0.00213064  0.00300463    0.00273299 -0.00198251    0.09945166  0.00000000

     Dynamical  Matrix in cartesian axes

     q = (   -0.283857132  -0.189238088   0.525384455 ) 

    1    1
  0.07380721  0.00000000    0.00060912 -0.00192207   -0.00273299 -0.00198251
  0.00060912  0.00192207    0.07756069 -0.00000000   -0.00213064  0.00300463
 -0.00273299  0.00198251   -0.00213064 -0.00300463    0.09945166  0.00000000
    1    2
 -0.00496635 -0.01570949    0.00291601  0.00179836   -0.02914325  0.00541968
  0.00291601  0.00179836   -0.04239603 -0.00164753   -0.00365224 -0.02343336
 -0.02914325  0.00541968   -0.00365224 -0.02343336   -0.00354540 -0.00249493
    2    1
 -0.00496635  0.01570949    0.00291601 -0.00179836   -0.02914325 -0.00541968
  0.00291601 -0.00179836   -0.04239603  0.00164753   -0.00365224  0.02343336
 -0.02914325 -0.00541968   -0.00365224  0.02343336   -0.00354540  0.00249493
    2    2
  0.07380721 -0.00000000    0.00060912  0.00192207   -0.00273299  0.00198251
  0.00060912 -0.00192207    0.07756069  0.00000000   -0.00213064 -0.00300463
 -0.00273299 -0.00198251   -0.00213064  0.00300463    0.09945166 -0.00000000

     Dynamical  Matrix in cartesian axes

     q = (   -0.189238088  -0.283857132   0.525384455 ) 

    1    1
  0.07756069  0.00000000    0.00060912 -0.00192207   -0.00213064 -0.00300463
  0.00060912  0.00192207    0.07380721 -0.00000000   -0.00273299  0.00198251
 -0.00213064  0.00300463   -0.00273299 -0.00198251    0.09945166  0.00000000
    1    2
 -0.03114350 -0.02881354    0.00333356  0.00079029   -0.01915241  0.01398737
  0.00333356  0.00079029   -0.01462003  0.00759655   -0.01677509 -0.02443968
 -0.01915241  0.01398737   -0.01677509 -0.02443968   -0.00427116 -0.00074279
    2    1
 -0.03114350  0.02881354    0.00333356 -0.00079029   -0.01915241 -0.01398737
  0.00333356 -0.00079029   -0.01462003 -0.00759655   -0.01677509  0.02443968
 -0.01915241 -0.01398737   -0.01677509  0.02443968   -0.00427116  0.00074279
    2    2
  0.07756069 -0.00000000    0.00060912  0.00192207   -0.00213064  0.00300463
  0.00060912 -0.00192207    0.07380721  0.00000000   -0.00273299 -0.00198251
 -0.00213064 -0.00300463   -0.00273299  0.00198251    0.09945166 -0.00000000

     Dynamical  Matrix in cartesian axes

     q = (    0.283857132  -0.189238088   0.525384455 ) 

    1    1
  0.07380721  0.00000000   -0.00060912  0.00192207    0.00273299  0.00198251
 -0.00060912 -0.00192207    0.07756069 -0.00000000   -0.00213064  0.00300463
  0.00273299 -0.00198251   -0.00213064 -0.00300463    0.09945166  0.00000000
    1    2
 -0.00759655  0.01462003    0.00079029  0.00333356   -0.02443968 -0.01677509
  0.00079029  0.00333356    0.02881354  0.03114350   -0.01398737  0.01915241
 -0.02443968 -0.01677509   -0.01398737  0.01915241    0.00074279  0.00427116
    2    1
 -0.00759655 -0.01462003    0.00079029 -0.00333356   -0.02443968  0.01677509
  0.00079029 -0.00333356    0.02881354 -0.03114350   -0.01398737 -0.01915241
 -0.02443968  0.01677509   -0.01398737 -0.01915241    0.00074279 -0.00427116
    2    2
  0.07380721 -0.00000000   -0.00060912 -0.00192207    0.00273299 -0.00198251
 -0.00060912  0.00192207    0.07756069  0.00000000   -0.00213064 -0.00300463
  0.00273299  0.00198251   -0.00213064  0.00300463    0.09945166 -0.00000000

     Dynamical  Matrix in cartesian axes

     q = (   -0.283857132   0.189238088   0.525384455 ) 

    1    1
  0.07380721 -0.00000000   -0.00060912  0.00192207   -0.00273299 -0.00198251
 -0.00060912 -0.00192207    0.07756069 -0.00000000    0.00213064 -0.00300463
 -0.00273299  0.00198251    0.00213064  0.00300463    0.09945166  0.00000000
    1    2
 -0.00496635 -0.01570949   -0.00291601 -0.00179836   -0.02914325  0.00541968
 -0.00291601 -0.00179836   -0.04239603 -0.00164753    0.00365224  0.02343336
 -0.02914325  0.00541968    0.00365224  0.02343336   -0.00354540 -0.00249493
    2    1
 -0.00496635  0.01570949   -0.00291601  0.00179836   -0.02914325 -0.00541968
 -0.00291601  0.00179836   -0.04239603  0.00164753    0.00365224 -0.02343336
 -0.02914325 -0.00541968    0.00365224 -0.02343336   -0.00354540  0.00249493
    2    2
  0.07380721  0.00000000   -0.00060912 -0.00192207   -0.00273299  0.00198251
 -0.00060912  0.00192207    0.07756069  0.00000000    0.00213064  0.00300463
 -0.00273299 -0.00198251    0.00213064 -0.00300463    0.09945166  0.00000000

     Dynamical  Matrix in cartesian axes

     q = (    0.189238088  -0.283857132   0.525384455 ) 

    1    1
  0.07756069  0.00000000   -0.00060912  0.00192207    0.00213064  0.00300463
 -0.00060912 -0.00192207    0.07380721  0.00000000   -0.00273299  0.00198251
  0.00213064 -0.00300463   -0.00273299 -0.00198251    0.09945166 -0.00000000
    1    2
 -0.02881354  0.03114350   -0.00079029  0.00333356   -0.01398737 -0.01915241
 -0.00079029  0.00333356    0.00759655  0.01462003   -0.02443968  0.01677509
 -0.01398737 -0.01915241   -0.02443968  0.01677509   -0.00074279  0.00427116
    2    1
 -0.02881354 -0.03114350   -0.00079029 -0.00333356   -0.01398737  0.01915241
 -0.00079029 -0.00333356    0.00759655 -0.01462003   -0.02443968 -0.01677509
 -0.01398737  0.01915241   -0.02443968 -0.01677509   -0.00074279 -0.00427116
    2    2
  0.07756069 -0.00000000   -0.00060912 -0.00192207    0.00213064 -0.00300463
 -0.00060912  0.00192207    0.07380721 -0.00000000   -0.00273299 -0.00198251
  0.00213064  0.00300463   -0.00273299  0.00198251    0.09945166  0.00000000

     Dynamical  Matrix in cartesian axes

     q = (   -0.189238088   0.283857132   0.525384455 ) 

    1    1
  0.07756069  0.00000000   -0.00060912  0.00192207   -0.00213064 -0.00300463
 -0.00060912 -0.00192207    0.07380721 -0.00000000    0.00273299 -0.00198251
 -0.00213064  0.00300463    0.00273299  0.00198251    0.09945166  0.00000000
    1    2
 -0.03114350 -0.02881354   -0.00333356 -0.00079029   -0.01915241  0.01398737
 -0.00333356 -0.00079029   -0.01462003  0.00759655    0.01677509  0.02443968
 -0.01915241  0.01398737    0.01677509  0.02443968   -0.00427116 -0.00074279
    2    1
 -0.03114350  0.02881354   -0.00333356  0.00079029   -0.01915241 -0.01398737
 -0.00333356  0.00079029   -0.01462003 -0.00759655    0.01677509 -0.02443968
 -0.01915241 -0.01398737    0.01677509 -0.02443968   -0.00427116  0.00074279
    2    2
  0.07756069 -0.00000000   -0.00060912 -0.00192207   -0.00213064  0.00300463
 -0.00060912  0.00192207    0.07380721  0.00000000    0.00273299  0.00198251
 -0.00213064 -0.00300463    0.00273299 -0.00198251    0.09945166  0.00000000

     Dynamical  Matrix in cartesian axes

     q = (   -0.283857132  -0.189238088  -0.525384455 ) 

    1    1
  0.07380721  0.00000000    0.00060912  0.00192207    0.00273299 -0.00198251
  0.00060912 -0.00192207    0.07756069  0.00000000    0.00213064  0.00300463
  0.00273299  0.00198251    0.00213064 -0.00300463    0.09945166  0.00000000
    1    2
 -0.00759655 -0.01462003   -0.00079029  0.00333356   -0.02443968  0.01677509
 -0.00079029  0.00333356    0.02881354 -0.03114350    0.01398737  0.01915241
 -0.02443968  0.01677509    0.01398737  0.01915241    0.00074279 -0.00427116
    2    1
 -0.00759655  0.01462003   -0.00079029 -0.00333356   -0.02443968 -0.01677509
 -0.00079029 -0.00333356    0.02881354  0.03114350    0.01398737 -0.01915241
 -0.02443968 -0.01677509    0.01398737 -0.01915241    0.00074279  0.00427116
    2    2
  0.07380721  0.00000000    0.00060912 -0.00192207    0.00273299  0.00198251
  0.00060912  0.00192207    0.07756069 -0.00000000    0.00213064 -0.00300463
  0.00273299 -0.00198251    0.00213064  0.00300463    0.09945166 -0.00000000

     Dynamical  Matrix in cartesian axes

     q = (    0.189238088   0.283857132  -0.525384455 ) 

    1    1
  0.07756069 -0.00000000    0.00060912  0.00192207   -0.00213064  0.00300463
  0.00060912 -0.00192207    0.07380721  0.00000000   -0.00273299 -0.00198251
 -0.00213064 -0.00300463   -0.00273299  0.00198251    0.09945166 -0.00000000
    1    2
 -0.03114350  0.02881354    0.00333356 -0.00079029   -0.01915241 -0.01398737
  0.00333356 -0.00079029   -0.01462003 -0.00759655   -0.01677509  0.02443968
 -0.01915241 -0.01398737   -0.01677509  0.02443968   -0.00427116  0.00074279
    2    1
 -0.03114350 -0.02881354    0.00333356  0.00079029   -0.01915241  0.01398737
  0.00333356  0.00079029   -0.01462003  0.00759655   -0.01677509 -0.02443968
 -0.01915241  0.01398737   -0.01677509 -0.02443968   -0.00427116 -0.00074279
    2    2
  0.07756069  0.00000000    0.00060912 -0.00192207   -0.00213064 -0.00300463
  0.00060912  0.00192207    0.07380721 -0.00000000   -0.00273299  0.00198251
 -0.00213064  0.00300463   -0.00273299 -0.00198251    0.09945166  0.00000000

     Dynamical  Matrix in cartesian axes

     q = (   -0.189238088  -0.283857132  -0.525384455 ) 

    1    1
  0.07756069 -0.00000000    0.00060912  0.00192207    0.00213064 -0.00300463
  0.00060912 -0.00192207    0.07380721  0.00000000    0.00273299  0.00198251
  0.00213064  0.00300463    0.00273299 -0.00198251    0.09945166  0.00000000
    1    2
 -0.02881354 -0.03114350    0.00079029  0.00333356   -0.01398737  0.01915241
  0.00079029  0.00333356    0.00759655 -0.01462003    0.02443968  0.01677509
 -0.01398737  0.01915241    0.02443968  0.01677509   -0.00074279 -0.00427116
    2    1
 -0.02881354  0.03114350    0.00079029 -0.00333356   -0.01398737 -0.01915241
  0.00079029 -0.00333356    0.00759655  0.01462003    0.02443968 -0.01677509
 -0.01398737 -0.01915241    0.02443968 -0.01677509   -0.00074279  0.00427116
    2    2
  0.07756069  0.00000000    0.00060912 -0.00192207    0.00213064  0.00300463
  0.00060912  0.00192207    0.07380721  0.00000000    0.00273299 -0.00198251
  0.00213064 -0.00300463    0.00273299  0.00198251    0.09945166 -0.00000000

     Dynamical  Matrix in cartesian axes

     q = (    0.283857132  -0.189238088  -0.525384455 ) 

    1    1
  0.07380721  0.00000000   -0.00060912 -0.00192207   -0.00273299  0.00198251
 -0.00060912  0.00192207    0.07756069  0.00000000    0.00213064  0.00300463
 -0.00273299 -0.00198251    0.00213064 -0.00300463    0.09945166  0.00000000
    1    2
 -0.00496635  0.01570949   -0.00291601  0.00179836   -0.02914325 -0.00541968
 -0.00291601  0.00179836   -0.04239603  0.00164753    0.00365224 -0.02343336
 -0.02914325 -0.00541968    0.00365224 -0.02343336   -0.00354540  0.00249493
    2    1
 -0.00496635 -0.01570949   -0.00291601 -0.00179836   -0.02914325  0.00541968
 -0.00291601 -0.00179836   -0.04239603 -0.00164753    0.00365224  0.02343336
 -0.02914325  0.00541968    0.00365224  0.02343336   -0.00354540 -0.00249493
    2    2
  0.07380721 -0.00000000   -0.00060912  0.00192207   -0.00273299 -0.00198251
 -0.00060912 -0.00192207    0.07756069 -0.00000000    0.00213064 -0.00300463
 -0.00273299  0.00198251    0.00213064  0.00300463    0.09945166  0.00000000

     Dynamical  Matrix in cartesian axes

     q = (   -0.283857132   0.189238088  -0.525384455 ) 

    1    1
  0.07380721 -0.00000000   -0.00060912 -0.00192207    0.00273299 -0.00198251
 -0.00060912  0.00192207    0.07756069  0.00000000   -0.00213064 -0.00300463
  0.00273299  0.00198251   -0.00213064  0.00300463    0.09945166 -0.00000000
    1    2
 -0.00759655 -0.01462003    0.00079029 -0.00333356   -0.02443968  0.01677509
  0.00079029 -0.00333356    0.02881354 -0.03114350   -0.01398737 -0.01915241
 -0.02443968  0.01677509   -0.01398737 -0.01915241    0.00074279 -0.00427116
    2    1
 -0.00759655  0.01462003    0.00079029  0.00333356   -0.02443968 -0.01677509
  0.00079029  0.00333356    0.02881354  0.03114350   -0.01398737  0.01915241
 -0.02443968 -0.01677509   -0.01398737  0.01915241    0.00074279  0.00427116
    2    2
  0.07380721  0.00000000   -0.00060912  0.00192207    0.00273299  0.00198251
 -0.00060912 -0.00192207    0.07756069 -0.00000000   -0.00213064  0.00300463
  0.00273299 -0.00198251   -0.00213064 -0.00300463    0.09945166  0.00000000

     Dynamical  Matrix in cartesian axes

     q = (   -0.189238088   0.283857132  -0.525384455 ) 

    1    1
  0.07756069 -0.00000000   -0.00060912 -0.00192207    0.00213064 -0.00300463
 -0.00060912  0.00192207    0.07380721 -0.00000000   -0.00273299 -0.00198251
  0.00213064  0.00300463   -0.00273299  0.00198251    0.09945166  0.00000000
    1    2
 -0.02881354 -0.03114350   -0.00079029 -0.00333356   -0.01398737  0.01915241
 -0.00079029 -0.00333356    0.00759655 -0.01462003   -0.02443968 -0.01677509
 -0.01398737  0.01915241   -0.02443968 -0.01677509   -0.00074279 -0.00427116
    2    1
 -0.02881354  0.03114350   -0.00079029  0.00333356   -0.01398737 -0.01915241
 -0.00079029  0.00333356    0.00759655  0.01462003   -0.02443968  0.01677509
 -0.01398737 -0.01915241   -0.02443968  0.01677509   -0.00074279  0.00427116
    2    2
  0.07756069  0.00000000   -0.00060912  0.00192207    0.00213064  0.00300463
 -0.00060912 -0.00192207    0.07380721  0.00000000   -0.00273299  0.00198251
  0.00213064 -0.00300463   -0.00273299 -0.00198251    0.09945166 -0.00000000

     Dynamical  Matrix in cartesian axes

     q = (    0.283857132   0.189238088  -0.525384455 ) 

    1    1
  0.07380721 -0.00000000    0.00060912  0.00192207   -0.00273299  0.00198251
  0.00060912 -0.00192207    0.07756069  0.00000000   -0.00213064 -0.00300463
 -0.00273299 -0.00198251   -0.00213064  0.00300463    0.09945166 -0.00000000
    1    2
 -0.00496635  0.01570949    0.00291601 -0.00179836   -0.02914325 -0.00541968
  0.00291601 -0.00179836   -0.04239603  0.00164753   -0.00365224  0.02343336
 -0.02914325 -0.00541968   -0.00365224  0.02343336   -0.00354540  0.00249493
    2    1
 -0.00496635 -0.01570949    0.00291601  0.00179836   -0.02914325  0.00541968
  0.00291601  0.00179836   -0.04239603 -0.00164753   -0.00365224 -0.02343336
 -0.02914325  0.00541968   -0.00365224 -0.02343336   -0.00354540 -0.00249493
    2    2
  0.07380721  0.00000000    0.00060912 -0.00192207   -0.00273299 -0.00198251
  0.00060912  0.00192207    0.07756069 -0.00000000   -0.00213064  0.00300463
 -0.00273299  0.00198251   -0.00213064 -0.00300463    0.09945166  0.00000000

     Dynamical  Matrix in cartesian axes

     q = (    0.189238088  -0.283857132  -0.525384455 ) 

    1    1
  0.07756069 -0.00000000   -0.00060912 -0.00192207   -0.00213064  0.00300463
 -0.00060912  0.00192207    0.07380721  0.00000000    0.00273299  0.00198251
 -0.00213064 -0.00300463    0.00273299 -0.00198251    0.09945166  0.00000000
    1    2
 -0.03114350  0.02881354   -0.00333356  0.00079029   -0.01915241 -0.01398737
 -0.00333356  0.00079029   -0.01462003 -0.00759655    0.01677509 -0.02443968
 -0.01915241 -0.01398737    0.01677509 -0.02443968   -0.00427116  0.00074279
    2    1
 -0.03114350 -0.02881354   -0.00333356 -0.00079029   -0.01915241  0.01398737
 -0.00333356 -0.00079029   -0.01462003  0.00759655    0.01677509  0.02443968
 -0.01915241  0.01398737    0.01677509  0.02443968   -0.00427116 -0.00074279
    2    2
  0.07756069  0.00000000   -0.00060912  0.00192207   -0.00213064 -0.00300463
 -0.00060912 -0.00192207    0.07380721 -0.00000000    0.00273299 -0.00198251
 -0.00213064  0.00300463    0.00273299  0.00198251    0.09945166  0.00000000

     Diagonalizing the dynamical matrix

     q = (    0.283857132   0.189238088   0.525384455 ) 

 **************************************************************************
     freq (    1) =       1.506149 [THz] =      50.239724 [cm-1]
 (  0.219509  0.011380 -0.432544  0.437542  0.198814  0.183362 ) 
 (  0.169075  0.140453 -0.021324 -0.614885  0.270460  0.000000 ) 
     freq (    2) =       2.045192 [THz] =      68.220270 [cm-1]
 (  0.294116  0.493044  0.130682  0.182605 -0.317138 -0.139299 ) 
 ( -0.467565  0.333137 -0.193085  0.114634  0.346382  0.000000 ) 
     freq (    3) =       2.646285 [THz] =      88.270567 [cm-1]
 ( -0.544397 -0.099079  0.093094  0.205094 -0.203071  0.319136 ) 
 ( -0.208665  0.512487 -0.123057 -0.188645 -0.378267  0.000000 ) 
     freq (    4) =       3.192931 [THz] =     106.504705 [cm-1]
 (  0.360376  0.058852  0.212176 -0.433912  0.364002  0.029494 ) 
 ( -0.363952  0.029555 -0.176439 -0.449630 -0.365195  0.000000 ) 
     freq (    5) =       3.546799 [THz] =     118.308474 [cm-1]
 ( -0.222167 -0.253430  0.075135 -0.173126  0.413981  0.423576 ) 
 ( -0.336529  0.018253 -0.071297  0.174742  0.592281  0.000000 ) 
     freq (    6) =       3.735041 [THz] =     124.587549 [cm-1]
 (  0.245341  0.093776 -0.330141  0.377360  0.313809  0.284859 ) 
 ( -0.244688 -0.095465 -0.009186  0.501308 -0.423816  0.000000 ) 
 **************************************************************************
