Dynamical matrix file
default                                                                    
  1    2  0 11.0001074  1.0000000  0.5402846  0.0000000  0.0000000  0.0000000
Basis vectors
     -0.660543558    0.660543558    0.356881514
      0.660543558   -0.660543558    0.356881514
      0.660543558    0.660543558   -0.356881514
           1  'Sn  '    108197.545983522     
    1    1      0.0000000000      0.0000000000      0.0000000000
    2    1      0.6605435582      0.0000000000      0.1784407572

     Dynamical  Matrix in cartesian axes

     q = (    0.094619044  -0.094619044   0.700512607 ) 

    1    1
  0.08313640  0.00000000   -0.00047314  0.00085317    0.00136492  0.00370621
 -0.00047314 -0.00085317    0.08313640  0.00000000   -0.00136492  0.00370621
  0.00136492 -0.00370621   -0.00136492 -0.00370621    0.09503354  0.00000000
    1    2
 -0.06205099  0.02233219   -0.00018048  0.00043571   -0.00354149 -0.01130843
 -0.00018048  0.00043571    0.02808544  0.05966792   -0.01050048  0.00549205
 -0.00354149 -0.01130843   -0.01050048  0.00549205    0.00192595 -0.00464966
    2    1
 -0.06205099 -0.02233219   -0.00018048 -0.00043571   -0.00354149  0.01130843
 -0.00018048 -0.00043571    0.02808544 -0.05966792   -0.01050048 -0.00549205
 -0.00354149  0.01130843   -0.01050048 -0.00549205    0.00192595  0.00464966
    2    2
  0.08313640  0.00000000   -0.00047314 -0.00085317    0.00136492 -0.00370621
 -0.00047314  0.00085317    0.08313640  0.00000000   -0.00136492 -0.00370621
  0.00136492  0.00370621   -0.00136492  0.00370621    0.09503354  0.00000000

     Dynamical  Matrix in cartesian axes

     q = (   -0.094619044   0.094619044   0.700512607 ) 

    1    1
  0.08313640  0.00000000   -0.00047314  0.00085317   -0.00136492 -0.00370621
 -0.00047314 -0.00085317    0.08313640  0.00000000    0.00136492 -0.00370621
 -0.00136492  0.00370621    0.00136492  0.00370621    0.09503354  0.00000000
    1    2
 -0.05966792 -0.02808544   -0.00043571  0.00018048   -0.00549205  0.01050048
 -0.00043571  0.00018048   -0.02233219  0.06205099    0.01130843  0.00354149
 -0.00549205  0.01050048    0.01130843  0.00354149    0.00464966 -0.00192595
    2    1
 -0.05966792  0.02808544   -0.00043571 -0.00018048   -0.00549205 -0.01050048
 -0.00043571 -0.00018048   -0.02233219 -0.06205099    0.01130843 -0.00354149
 -0.00549205 -0.01050048    0.01130843 -0.00354149    0.00464966  0.00192595
    2    2
  0.08313640  0.00000000   -0.00047314 -0.00085317   -0.00136492  0.00370621
 -0.00047314  0.00085317    0.08313640  0.00000000    0.00136492  0.00370621
 -0.00136492 -0.00370621    0.00136492 -0.00370621    0.09503354  0.00000000

     Dynamical  Matrix in cartesian axes

     q = (   -0.094619044  -0.094619044  -0.700512607 ) 

    1    1
  0.08313640  0.00000000    0.00047314  0.00085317    0.00136492 -0.00370621
  0.00047314 -0.00085317    0.08313640  0.00000000    0.00136492  0.00370621
  0.00136492  0.00370621    0.00136492 -0.00370621    0.09503354  0.00000000
    1    2
 -0.06205099 -0.02233219    0.00018048  0.00043571   -0.00354149  0.01130843
  0.00018048  0.00043571    0.02808544 -0.05966792    0.01050048  0.00549205
 -0.00354149  0.01130843    0.01050048  0.00549205    0.00192595  0.00464966
    2    1
 -0.06205099  0.02233219    0.00018048 -0.00043571   -0.00354149 -0.01130843
  0.00018048 -0.00043571    0.02808544  0.05966792    0.01050048 -0.00549205
 -0.00354149 -0.01130843    0.01050048 -0.00549205    0.00192595 -0.00464966
    2    2
  0.08313640  0.00000000    0.00047314 -0.00085317    0.00136492  0.00370621
  0.00047314  0.00085317    0.08313640  0.00000000    0.00136492 -0.00370621
  0.00136492 -0.00370621    0.00136492  0.00370621    0.09503354  0.00000000

     Dynamical  Matrix in cartesian axes

     q = (    0.094619044   0.094619044   0.700512607 ) 

    1    1
  0.08313640  0.00000000    0.00047314 -0.00085317    0.00136492  0.00370621
  0.00047314  0.00085317    0.08313640  0.00000000    0.00136492 -0.00370621
  0.00136492 -0.00370621    0.00136492  0.00370621    0.09503354  0.00000000
    1    2
 -0.06205099  0.02233219    0.00018048 -0.00043571   -0.00354149 -0.01130843
  0.00018048 -0.00043571    0.02808544  0.05966792    0.01050048 -0.00549205
 -0.00354149 -0.01130843    0.01050048 -0.00549205    0.00192595 -0.00464966
    2    1
 -0.06205099 -0.02233219    0.00018048  0.00043571   -0.00354149  0.01130843
  0.00018048  0.00043571    0.02808544 -0.05966792    0.01050048  0.00549205
 -0.00354149  0.01130843    0.01050048  0.00549205    0.00192595  0.00464966
    2    2
  0.08313640  0.00000000    0.00047314  0.00085317    0.00136492 -0.00370621
  0.00047314 -0.00085317    0.08313640  0.00000000    0.00136492  0.00370621
  0.00136492  0.00370621    0.00136492 -0.00370621    0.09503354  0.00000000

     Dynamical  Matrix in cartesian axes

     q = (   -0.094619044  -0.094619044   0.700512607 ) 

    1    1
  0.08313640  0.00000000    0.00047314 -0.00085317   -0.00136492 -0.00370621
  0.00047314  0.00085317    0.08313640  0.00000000   -0.00136492  0.00370621
 -0.00136492  0.00370621   -0.00136492 -0.00370621    0.09503354  0.00000000
    1    2
 -0.05966792 -0.02808544    0.00043571 -0.00018048   -0.00549205  0.01050048
  0.00043571 -0.00018048   -0.02233219  0.06205099   -0.01130843 -0.00354149
 -0.00549205  0.01050048   -0.01130843 -0.00354149    0.00464966 -0.00192595
    2    1
 -0.05966792  0.02808544    0.00043571  0.00018048   -0.00549205 -0.01050048
  0.00043571  0.00018048   -0.02233219 -0.06205099   -0.01130843  0.00354149
 -0.00549205 -0.01050048   -0.01130843  0.00354149    0.00464966  0.00192595
    2    2
  0.08313640  0.00000000    0.00047314  0.00085317   -0.00136492  0.00370621
  0.00047314 -0.00085317    0.08313640  0.00000000   -0.00136492 -0.00370621
 -0.00136492 -0.00370621   -0.00136492  0.00370621    0.09503354  0.00000000

     Dynamical  Matrix in cartesian axes

     q = (   -0.094619044   0.094619044  -0.700512607 ) 

    1    1
  0.08313640  0.00000000   -0.00047314 -0.00085317    0.00136492 -0.00370621
 -0.00047314  0.00085317    0.08313640  0.00000000   -0.00136492 -0.00370621
  0.00136492  0.00370621   -0.00136492  0.00370621    0.09503354  0.00000000
    1    2
 -0.06205099 -0.02233219   -0.00018048 -0.00043571   -0.00354149  0.01130843
 -0.00018048 -0.00043571    0.02808544 -0.05966792   -0.01050048 -0.00549205
 -0.00354149  0.01130843   -0.01050048 -0.00549205    0.00192595  0.00464966
    2    1
 -0.06205099  0.02233219   -0.00018048  0.00043571   -0.00354149 -0.01130843
 -0.00018048  0.00043571    0.02808544  0.05966792   -0.01050048  0.00549205
 -0.00354149 -0.01130843   -0.01050048  0.00549205    0.00192595 -0.00464966
    2    2
  0.08313640  0.00000000   -0.00047314  0.00085317    0.00136492  0.00370621
 -0.00047314 -0.00085317    0.08313640  0.00000000   -0.00136492  0.00370621
  0.00136492 -0.00370621   -0.00136492 -0.00370621    0.09503354  0.00000000

     Dynamical  Matrix in cartesian axes

     q = (    0.094619044  -0.094619044  -0.700512607 ) 

    1    1
  0.08313640  0.00000000   -0.00047314 -0.00085317   -0.00136492  0.00370621
 -0.00047314  0.00085317    0.08313640  0.00000000    0.00136492  0.00370621
 -0.00136492 -0.00370621    0.00136492 -0.00370621    0.09503354  0.00000000
    1    2
 -0.05966792  0.02808544   -0.00043571 -0.00018048   -0.00549205 -0.01050048
 -0.00043571 -0.00018048   -0.02233219 -0.06205099    0.01130843 -0.00354149
 -0.00549205 -0.01050048    0.01130843 -0.00354149    0.00464966  0.00192595
    2    1
 -0.05966792 -0.02808544   -0.00043571  0.00018048   -0.00549205  0.01050048
 -0.00043571  0.00018048   -0.02233219  0.06205099    0.01130843  0.00354149
 -0.00549205  0.01050048    0.01130843  0.00354149    0.00464966 -0.00192595
    2    2
  0.08313640  0.00000000   -0.00047314  0.00085317   -0.00136492 -0.00370621
 -0.00047314 -0.00085317    0.08313640  0.00000000    0.00136492 -0.00370621
 -0.00136492  0.00370621    0.00136492  0.00370621    0.09503354  0.00000000

     Dynamical  Matrix in cartesian axes

     q = (    0.094619044   0.094619044  -0.700512607 ) 

    1    1
  0.08313640  0.00000000    0.00047314  0.00085317   -0.00136492  0.00370621
  0.00047314 -0.00085317    0.08313640  0.00000000   -0.00136492 -0.00370621
 -0.00136492 -0.00370621   -0.00136492  0.00370621    0.09503354  0.00000000
    1    2
 -0.05966792  0.02808544    0.00043571  0.00018048   -0.00549205 -0.01050048
  0.00043571  0.00018048   -0.02233219 -0.06205099   -0.01130843  0.00354149
 -0.00549205 -0.01050048   -0.01130843  0.00354149    0.00464966  0.00192595
    2    1
 -0.05966792 -0.02808544    0.00043571 -0.00018048   -0.00549205  0.01050048
  0.00043571 -0.00018048   -0.02233219  0.06205099   -0.01130843 -0.00354149
 -0.00549205  0.01050048   -0.01130843 -0.00354149    0.00464966 -0.00192595
    2    2
  0.08313640  0.00000000    0.00047314 -0.00085317   -0.00136492 -0.00370621
  0.00047314  0.00085317    0.08313640  0.00000000   -0.00136492  0.00370621
 -0.00136492  0.00370621   -0.00136492 -0.00370621    0.09503354  0.00000000

     Diagonalizing the dynamical matrix

     q = (    0.094619044  -0.094619044   0.700512607 ) 

 **************************************************************************
     freq (    1) =       1.111916 [THz] =      37.089532 [cm-1]
 ( -0.335326 -0.351246 -0.485480  0.011258  0.064452 -0.155600 ) 
 ( -0.196186 -0.444217  0.196186 -0.444217 -0.168421  0.000000 ) 
     freq (    2) =       1.258367 [THz] =      41.974613 [cm-1]
 (  0.357135 -0.343512  0.009633  0.495432 -0.036118  0.087197 ) 
 (  0.454033 -0.198494 -0.454033 -0.198494 -0.094381  0.000000 ) 
     freq (    3) =       3.073320 [THz] =     102.514931 [cm-1]
 (  0.106441  0.062656  0.119570  0.030961  0.262212 -0.633035 ) 
 (  0.017154  0.122317 -0.017154  0.122317 -0.685193  0.000000 ) 
     freq (    4) =       3.149722 [THz] =     105.063425 [cm-1]
 (  0.120944  0.031686  0.107925  0.063115  0.262002 -0.632529 ) 
 (  0.017009 -0.123863 -0.017009 -0.123863  0.684644  0.000000 ) 
     freq (    5) =       3.854761 [THz] =     128.580981 [cm-1]
 ( -0.355284  0.350286 -0.003534 -0.498914  0.017726 -0.042795 ) 
 (  0.459583 -0.194191 -0.459583 -0.194191 -0.046321  0.000000 ) 
     freq (    6) =       3.902840 [THz] =     130.184726 [cm-1]
 ( -0.328370 -0.361933 -0.488118  0.023732  0.057217 -0.138134 ) 
 (  0.208721  0.441880 -0.208721  0.441880  0.149515  0.000000 ) 
 **************************************************************************
