Dynamical matrix file
default                                                                    
  1    2  0 11.0001074  1.0000000  0.5402846  0.0000000  0.0000000  0.0000000
Basis vectors
     -0.660543558    0.660543558    0.356881514
      0.660543558   -0.660543558    0.356881514
      0.660543558    0.660543558   -0.356881514
           1  'Sn  '    108197.545983522     
    1    1      0.0000000000      0.0000000000      0.0000000000
    2    1      0.6605435582      0.0000000000      0.1784407572

     Dynamical  Matrix in cartesian axes

     q = (    0.283857132   0.189238088   0.175128152 ) 

    1    1
  0.09128187  0.00000000    0.00376483 -0.00142406    0.00263352  0.00176478
  0.00376483  0.00142406    0.08549181  0.00000000    0.00318875 -0.00184131
  0.00263352 -0.00176478    0.00318875  0.00184131    0.03235235 -0.00000000
    1    2
 -0.00925948  0.02493439    0.00044332 -0.00203471   -0.01540835 -0.01240985
  0.00044332 -0.00203471   -0.00069882  0.04876115    0.01487871 -0.00331175
 -0.01540835 -0.01240985    0.01487871 -0.00331175   -0.00200863  0.00271855
    2    1
 -0.00925948 -0.02493439    0.00044332  0.00203471   -0.01540835  0.01240985
  0.00044332  0.00203471   -0.00069882 -0.04876115    0.01487871  0.00331175
 -0.01540835  0.01240985    0.01487871  0.00331175   -0.00200863 -0.00271855
    2    2
  0.09128187  0.00000000    0.00376483  0.00142406    0.00263352 -0.00176478
  0.00376483 -0.00142406    0.08549181  0.00000000    0.00318875  0.00184131
  0.00263352  0.00176478    0.00318875 -0.00184131    0.03235235  0.00000000

     Dynamical  Matrix in cartesian axes

     q = (    0.283857132  -0.189238088   0.175128152 ) 

    1    1
  0.09128187  0.00000000   -0.00376483  0.00142406    0.00263352  0.00176478
 -0.00376483 -0.00142406    0.08549181  0.00000000   -0.00318875  0.00184131
  0.00263352 -0.00176478   -0.00318875 -0.00184131    0.03235235  0.00000000
    1    2
 -0.00925948  0.02493439   -0.00044332  0.00203471   -0.01540835 -0.01240985
 -0.00044332  0.00203471   -0.00069882  0.04876115   -0.01487871  0.00331175
 -0.01540835 -0.01240985   -0.01487871  0.00331175   -0.00200863  0.00271855
    2    1
 -0.00925948 -0.02493439   -0.00044332 -0.00203471   -0.01540835  0.01240985
 -0.00044332 -0.00203471   -0.00069882 -0.04876115   -0.01487871 -0.00331175
 -0.01540835  0.01240985   -0.01487871 -0.00331175   -0.00200863 -0.00271855
    2    2
  0.09128187 -0.00000000   -0.00376483 -0.00142406    0.00263352 -0.00176478
 -0.00376483  0.00142406    0.08549181 -0.00000000   -0.00318875 -0.00184131
  0.00263352  0.00176478   -0.00318875  0.00184131    0.03235235  0.00000000

     Dynamical  Matrix in cartesian axes

     q = (    0.189238088   0.283857132   0.175128152 ) 

    1    1
  0.08549181  0.00000000    0.00376483 -0.00142406    0.00318875  0.00184131
  0.00376483  0.00142406    0.09128187  0.00000000    0.00263352 -0.00176478
  0.00318875 -0.00184131    0.00263352  0.00176478    0.03235235 -0.00000000
    1    2
 -0.03398520  0.03497348    0.00112529 -0.00175224   -0.00817907 -0.01286260
  0.00112529 -0.00175224   -0.01108384  0.02417872    0.01967044  0.00212026
 -0.00817907 -0.01286260    0.01967044  0.00212026   -0.00050199  0.00334262
    2    1
 -0.03398520 -0.03497348    0.00112529  0.00175224   -0.00817907  0.01286260
  0.00112529  0.00175224   -0.01108384 -0.02417872    0.01967044 -0.00212026
 -0.00817907  0.01286260    0.01967044 -0.00212026   -0.00050199 -0.00334262
    2    2
  0.08549181  0.00000000    0.00376483  0.00142406    0.00318875 -0.00184131
  0.00376483 -0.00142406    0.09128187  0.00000000    0.00263352  0.00176478
  0.00318875  0.00184131    0.00263352 -0.00176478    0.03235235  0.00000000

     Dynamical  Matrix in cartesian axes

     q = (    0.189238088   0.283857132  -0.175128152 ) 

    1    1
  0.08549181 -0.00000000    0.00376483  0.00142406   -0.00318875  0.00184131
  0.00376483 -0.00142406    0.09128187  0.00000000   -0.00263352 -0.00176478
 -0.00318875 -0.00184131   -0.00263352  0.00176478    0.03235235 -0.00000000
    1    2
 -0.03497348  0.03398520    0.00175224 -0.00112529   -0.01286260 -0.00817907
  0.00175224 -0.00112529   -0.02417872  0.01108384    0.00212026  0.01967044
 -0.01286260 -0.00817907    0.00212026  0.01967044   -0.00334262  0.00050199
    2    1
 -0.03497348 -0.03398520    0.00175224  0.00112529   -0.01286260  0.00817907
  0.00175224  0.00112529   -0.02417872 -0.01108384    0.00212026 -0.01967044
 -0.01286260  0.00817907    0.00212026 -0.01967044   -0.00334262 -0.00050199
    2    2
  0.08549181  0.00000000    0.00376483 -0.00142406   -0.00318875 -0.00184131
  0.00376483  0.00142406    0.09128187 -0.00000000   -0.00263352  0.00176478
 -0.00318875  0.00184131   -0.00263352 -0.00176478    0.03235235  0.00000000

     Dynamical  Matrix in cartesian axes

     q = (   -0.189238088  -0.283857132   0.175128152 ) 

    1    1
  0.08549181  0.00000000    0.00376483 -0.00142406   -0.00318875 -0.00184131
  0.00376483  0.00142406    0.09128187 -0.00000000   -0.00263352  0.00176478
 -0.00318875  0.00184131   -0.00263352 -0.00176478    0.03235235  0.00000000
    1    2
 -0.03497348 -0.03398520    0.00175224  0.00112529   -0.01286260  0.00817907
  0.00175224  0.00112529   -0.02417872 -0.01108384    0.00212026 -0.01967044
 -0.01286260  0.00817907    0.00212026 -0.01967044   -0.00334262 -0.00050199
    2    1
 -0.03497348  0.03398520    0.00175224 -0.00112529   -0.01286260 -0.00817907
  0.00175224 -0.00112529   -0.02417872  0.01108384    0.00212026  0.01967044
 -0.01286260 -0.00817907    0.00212026  0.01967044   -0.00334262  0.00050199
    2    2
  0.08549181 -0.00000000    0.00376483  0.00142406   -0.00318875  0.00184131
  0.00376483 -0.00142406    0.09128187  0.00000000   -0.00263352 -0.00176478
 -0.00318875 -0.00184131   -0.00263352  0.00176478    0.03235235 -0.00000000

     Dynamical  Matrix in cartesian axes

     q = (   -0.283857132  -0.189238088   0.175128152 ) 

    1    1
  0.09128187  0.00000000    0.00376483 -0.00142406   -0.00263352 -0.00176478
  0.00376483  0.00142406    0.08549181 -0.00000000   -0.00318875  0.00184131
 -0.00263352  0.00176478   -0.00318875 -0.00184131    0.03235235  0.00000000
    1    2
 -0.01108384 -0.02417872    0.00112529  0.00175224   -0.01967044  0.00212026
  0.00112529  0.00175224   -0.03398520 -0.03497348    0.00817907 -0.01286260
 -0.01967044  0.00212026    0.00817907 -0.01286260   -0.00050199 -0.00334262
    2    1
 -0.01108384  0.02417872    0.00112529 -0.00175224   -0.01967044 -0.00212026
  0.00112529 -0.00175224   -0.03398520  0.03497348    0.00817907  0.01286260
 -0.01967044 -0.00212026    0.00817907  0.01286260   -0.00050199  0.00334262
    2    2
  0.09128187 -0.00000000    0.00376483  0.00142406   -0.00263352  0.00176478
  0.00376483 -0.00142406    0.08549181  0.00000000   -0.00318875 -0.00184131
 -0.00263352 -0.00176478   -0.00318875  0.00184131    0.03235235 -0.00000000

     Dynamical  Matrix in cartesian axes

     q = (   -0.189238088  -0.283857132  -0.175128152 ) 

    1    1
  0.08549181  0.00000000    0.00376483  0.00142406    0.00318875 -0.00184131
  0.00376483 -0.00142406    0.09128187  0.00000000    0.00263352  0.00176478
  0.00318875  0.00184131    0.00263352 -0.00176478    0.03235235  0.00000000
    1    2
 -0.03398520 -0.03497348    0.00112529  0.00175224   -0.00817907  0.01286260
  0.00112529  0.00175224   -0.01108384 -0.02417872    0.01967044 -0.00212026
 -0.00817907  0.01286260    0.01967044 -0.00212026   -0.00050199 -0.00334262
    2    1
 -0.03398520  0.03497348    0.00112529 -0.00175224   -0.00817907 -0.01286260
  0.00112529 -0.00175224   -0.01108384  0.02417872    0.01967044  0.00212026
 -0.00817907 -0.01286260    0.01967044  0.00212026   -0.00050199  0.00334262
    2    2
  0.08549181  0.00000000    0.00376483 -0.00142406    0.00318875  0.00184131
  0.00376483  0.00142406    0.09128187  0.00000000    0.00263352 -0.00176478
  0.00318875 -0.00184131    0.00263352  0.00176478    0.03235235 -0.00000000

     Dynamical  Matrix in cartesian axes

     q = (   -0.283857132  -0.189238088  -0.175128152 ) 

    1    1
  0.09128187  0.00000000    0.00376483  0.00142406    0.00263352 -0.00176478
  0.00376483 -0.00142406    0.08549181  0.00000000    0.00318875  0.00184131
  0.00263352  0.00176478    0.00318875 -0.00184131    0.03235235  0.00000000
    1    2
 -0.00925948 -0.02493439    0.00044332  0.00203471   -0.01540835  0.01240985
  0.00044332  0.00203471   -0.00069882 -0.04876115    0.01487871  0.00331175
 -0.01540835  0.01240985    0.01487871  0.00331175   -0.00200863 -0.00271855
    2    1
 -0.00925948  0.02493439    0.00044332 -0.00203471   -0.01540835 -0.01240985
  0.00044332 -0.00203471   -0.00069882  0.04876115    0.01487871 -0.00331175
 -0.01540835 -0.01240985    0.01487871 -0.00331175   -0.00200863  0.00271855
    2    2
  0.09128187  0.00000000    0.00376483 -0.00142406    0.00263352  0.00176478
  0.00376483  0.00142406    0.08549181  0.00000000    0.00318875 -0.00184131
  0.00263352 -0.00176478    0.00318875  0.00184131    0.03235235 -0.00000000

     Dynamical  Matrix in cartesian axes

     q = (   -0.283857132   0.189238088   0.175128152 ) 

    1    1
  0.09128187 -0.00000000   -0.00376483  0.00142406   -0.00263352 -0.00176478
 -0.00376483 -0.00142406    0.08549181 -0.00000000    0.00318875 -0.00184131
 -0.00263352  0.00176478    0.00318875  0.00184131    0.03235235  0.00000000
    1    2
 -0.01108384 -0.02417872   -0.00112529 -0.00175224   -0.01967044  0.00212026
 -0.00112529 -0.00175224   -0.03398520 -0.03497348   -0.00817907  0.01286260
 -0.01967044  0.00212026   -0.00817907  0.01286260   -0.00050199 -0.00334262
    2    1
 -0.01108384  0.02417872   -0.00112529  0.00175224   -0.01967044 -0.00212026
 -0.00112529  0.00175224   -0.03398520  0.03497348   -0.00817907 -0.01286260
 -0.01967044 -0.00212026   -0.00817907 -0.01286260   -0.00050199  0.00334262
    2    2
  0.09128187  0.00000000   -0.00376483 -0.00142406   -0.00263352  0.00176478
 -0.00376483  0.00142406    0.08549181  0.00000000    0.00318875  0.00184131
 -0.00263352 -0.00176478    0.00318875 -0.00184131    0.03235235  0.00000000

     Dynamical  Matrix in cartesian axes

     q = (   -0.283857132   0.189238088  -0.175128152 ) 

    1    1
  0.09128187 -0.00000000   -0.00376483 -0.00142406    0.00263352 -0.00176478
 -0.00376483  0.00142406    0.08549181 -0.00000000   -0.00318875 -0.00184131
  0.00263352  0.00176478   -0.00318875  0.00184131    0.03235235  0.00000000
    1    2
 -0.00925948 -0.02493439   -0.00044332 -0.00203471   -0.01540835  0.01240985
 -0.00044332 -0.00203471   -0.00069882 -0.04876115   -0.01487871 -0.00331175
 -0.01540835  0.01240985   -0.01487871 -0.00331175   -0.00200863 -0.00271855
    2    1
 -0.00925948  0.02493439   -0.00044332  0.00203471   -0.01540835 -0.01240985
 -0.00044332  0.00203471   -0.00069882  0.04876115   -0.01487871  0.00331175
 -0.01540835 -0.01240985   -0.01487871  0.00331175   -0.00200863  0.00271855
    2    2
  0.09128187  0.00000000   -0.00376483  0.00142406    0.00263352  0.00176478
 -0.00376483 -0.00142406    0.08549181  0.00000000   -0.00318875  0.00184131
  0.00263352 -0.00176478   -0.00318875 -0.00184131    0.03235235  0.00000000

     Dynamical  Matrix in cartesian axes

     q = (    0.189238088  -0.283857132   0.175128152 ) 

    1    1
  0.08549181  0.00000000   -0.00376483  0.00142406    0.00318875  0.00184131
 -0.00376483 -0.00142406    0.09128187  0.00000000   -0.00263352  0.00176478
  0.00318875 -0.00184131   -0.00263352 -0.00176478    0.03235235  0.00000000
    1    2
 -0.03398520  0.03497348   -0.00112529  0.00175224   -0.00817907 -0.01286260
 -0.00112529  0.00175224   -0.01108384  0.02417872   -0.01967044 -0.00212026
 -0.00817907 -0.01286260   -0.01967044 -0.00212026   -0.00050199  0.00334262
    2    1
 -0.03398520 -0.03497348   -0.00112529 -0.00175224   -0.00817907  0.01286260
 -0.00112529 -0.00175224   -0.01108384 -0.02417872   -0.01967044  0.00212026
 -0.00817907  0.01286260   -0.01967044  0.00212026   -0.00050199 -0.00334262
    2    2
  0.08549181 -0.00000000   -0.00376483 -0.00142406    0.00318875 -0.00184131
 -0.00376483  0.00142406    0.09128187 -0.00000000   -0.00263352 -0.00176478
  0.00318875  0.00184131   -0.00263352  0.00176478    0.03235235  0.00000000

     Dynamical  Matrix in cartesian axes

     q = (    0.283857132  -0.189238088  -0.175128152 ) 

    1    1
  0.09128187  0.00000000   -0.00376483 -0.00142406   -0.00263352  0.00176478
 -0.00376483  0.00142406    0.08549181  0.00000000    0.00318875  0.00184131
 -0.00263352 -0.00176478    0.00318875 -0.00184131    0.03235235  0.00000000
    1    2
 -0.01108384  0.02417872   -0.00112529  0.00175224   -0.01967044 -0.00212026
 -0.00112529  0.00175224   -0.03398520  0.03497348   -0.00817907 -0.01286260
 -0.01967044 -0.00212026   -0.00817907 -0.01286260   -0.00050199  0.00334262
    2    1
 -0.01108384 -0.02417872   -0.00112529 -0.00175224   -0.01967044  0.00212026
 -0.00112529 -0.00175224   -0.03398520 -0.03497348   -0.00817907  0.01286260
 -0.01967044  0.00212026   -0.00817907  0.01286260   -0.00050199 -0.00334262
    2    2
  0.09128187 -0.00000000   -0.00376483  0.00142406   -0.00263352 -0.00176478
 -0.00376483 -0.00142406    0.08549181 -0.00000000    0.00318875 -0.00184131
 -0.00263352  0.00176478    0.00318875  0.00184131    0.03235235  0.00000000

     Dynamical  Matrix in cartesian axes

     q = (   -0.189238088   0.283857132   0.175128152 ) 

    1    1
  0.08549181 -0.00000000   -0.00376483  0.00142406   -0.00318875 -0.00184131
 -0.00376483 -0.00142406    0.09128187 -0.00000000    0.00263352 -0.00176478
 -0.00318875  0.00184131    0.00263352  0.00176478    0.03235235  0.00000000
    1    2
 -0.03497348 -0.03398520   -0.00175224 -0.00112529   -0.01286260  0.00817907
 -0.00175224 -0.00112529   -0.02417872 -0.01108384   -0.00212026  0.01967044
 -0.01286260  0.00817907   -0.00212026  0.01967044   -0.00334262 -0.00050199
    2    1
 -0.03497348  0.03398520   -0.00175224  0.00112529   -0.01286260 -0.00817907
 -0.00175224  0.00112529   -0.02417872  0.01108384   -0.00212026 -0.01967044
 -0.01286260 -0.00817907   -0.00212026 -0.01967044   -0.00334262  0.00050199
    2    2
  0.08549181  0.00000000   -0.00376483 -0.00142406   -0.00318875  0.00184131
 -0.00376483  0.00142406    0.09128187  0.00000000    0.00263352  0.00176478
 -0.00318875 -0.00184131    0.00263352 -0.00176478    0.03235235  0.00000000

     Dynamical  Matrix in cartesian axes

     q = (   -0.189238088   0.283857132  -0.175128152 ) 

    1    1
  0.08549181 -0.00000000   -0.00376483 -0.00142406    0.00318875 -0.00184131
 -0.00376483  0.00142406    0.09128187 -0.00000000   -0.00263352 -0.00176478
  0.00318875  0.00184131   -0.00263352  0.00176478    0.03235235  0.00000000
    1    2
 -0.03398520 -0.03497348   -0.00112529 -0.00175224   -0.00817907  0.01286260
 -0.00112529 -0.00175224   -0.01108384 -0.02417872   -0.01967044  0.00212026
 -0.00817907  0.01286260   -0.01967044  0.00212026   -0.00050199 -0.00334262
    2    1
 -0.03398520  0.03497348   -0.00112529  0.00175224   -0.00817907 -0.01286260
 -0.00112529  0.00175224   -0.01108384  0.02417872   -0.01967044 -0.00212026
 -0.00817907 -0.01286260   -0.01967044 -0.00212026   -0.00050199  0.00334262
    2    2
  0.08549181  0.00000000   -0.00376483  0.00142406    0.00318875  0.00184131
 -0.00376483 -0.00142406    0.09128187  0.00000000   -0.00263352  0.00176478
  0.00318875 -0.00184131   -0.00263352 -0.00176478    0.03235235  0.00000000

     Dynamical  Matrix in cartesian axes

     q = (    0.283857132   0.189238088  -0.175128152 ) 

    1    1
  0.09128187 -0.00000000    0.00376483  0.00142406   -0.00263352  0.00176478
  0.00376483 -0.00142406    0.08549181  0.00000000   -0.00318875 -0.00184131
 -0.00263352 -0.00176478   -0.00318875  0.00184131    0.03235235 -0.00000000
    1    2
 -0.01108384  0.02417872    0.00112529 -0.00175224   -0.01967044 -0.00212026
  0.00112529 -0.00175224   -0.03398520  0.03497348    0.00817907  0.01286260
 -0.01967044 -0.00212026    0.00817907  0.01286260   -0.00050199  0.00334262
    2    1
 -0.01108384 -0.02417872    0.00112529  0.00175224   -0.01967044  0.00212026
  0.00112529  0.00175224   -0.03398520 -0.03497348    0.00817907 -0.01286260
 -0.01967044  0.00212026    0.00817907 -0.01286260   -0.00050199 -0.00334262
    2    2
  0.09128187  0.00000000    0.00376483 -0.00142406   -0.00263352 -0.00176478
  0.00376483  0.00142406    0.08549181 -0.00000000   -0.00318875  0.00184131
 -0.00263352  0.00176478   -0.00318875 -0.00184131    0.03235235  0.00000000

     Dynamical  Matrix in cartesian axes

     q = (    0.189238088  -0.283857132  -0.175128152 ) 

    1    1
  0.08549181  0.00000000   -0.00376483 -0.00142406   -0.00318875  0.00184131
 -0.00376483  0.00142406    0.09128187  0.00000000    0.00263352  0.00176478
 -0.00318875 -0.00184131    0.00263352 -0.00176478    0.03235235  0.00000000
    1    2
 -0.03497348  0.03398520   -0.00175224  0.00112529   -0.01286260 -0.00817907
 -0.00175224  0.00112529   -0.02417872  0.01108384   -0.00212026 -0.01967044
 -0.01286260 -0.00817907   -0.00212026 -0.01967044   -0.00334262  0.00050199
    2    1
 -0.03497348 -0.03398520   -0.00175224 -0.00112529   -0.01286260  0.00817907
 -0.00175224 -0.00112529   -0.02417872 -0.01108384   -0.00212026  0.01967044
 -0.01286260  0.00817907   -0.00212026  0.01967044   -0.00334262 -0.00050199
    2    2
  0.08549181 -0.00000000   -0.00376483  0.00142406   -0.00318875 -0.00184131
 -0.00376483 -0.00142406    0.09128187 -0.00000000    0.00263352 -0.00176478
 -0.00318875  0.00184131    0.00263352  0.00176478    0.03235235  0.00000000

     Diagonalizing the dynamical matrix

     q = (    0.283857132   0.189238088   0.175128152 ) 

 **************************************************************************
     freq (    1) =       1.122004 [THz] =      37.426015 [cm-1]
 (  0.197066  0.026807 -0.419205  0.095449  0.272451  0.448746 ) 
 (  0.125187  0.154537 -0.135968 -0.407868  0.524979  0.000000 ) 
     freq (    2) =       1.459826 [THz] =      48.694553 [cm-1]
 (  0.104080  0.229764 -0.062835  0.048388 -0.258730 -0.602615 ) 
 ( -0.252189 -0.004992 -0.019674  0.076828  0.655809  0.000000 ) 
     freq (    3) =       2.250350 [THz] =      75.063594 [cm-1]
 (  0.160908  0.057871  0.513356 -0.223187  0.267615  0.292908 ) 
 (  0.151258  0.079758  0.181495  0.529534  0.396753  0.000000 ) 
     freq (    4) =       2.762852 [THz] =      92.158807 [cm-1]
 ( -0.481537 -0.391966 -0.016522  0.057751 -0.273629  0.189747 ) 
 (  0.172345 -0.596500  0.046486  0.038042  0.332981  0.000000 ) 
     freq (    5) =       3.483930 [THz] =     116.211384 [cm-1]
 (  0.559436  0.408293  0.024405  0.052641 -0.100196  0.083203 ) 
 (  0.169549 -0.671509 -0.014855 -0.056090 -0.130238  0.000000 ) 
     freq (    6) =       3.689554 [THz] =     123.070287 [cm-1]
 (  0.024690  0.042260 -0.696420  0.059532  0.015409  0.093925 ) 
 ( -0.045699 -0.017522  0.054001  0.696871 -0.095181  0.000000 ) 
 **************************************************************************
