Dynamical matrix file
default                                                                    
  1    2  0 11.0001074  1.0000000  0.5402846  0.0000000  0.0000000  0.0000000
Basis vectors
     -0.660543558    0.660543558    0.356881514
      0.660543558   -0.660543558    0.356881514
      0.660543558    0.660543558   -0.356881514
           1  'Sn  '    108197.545983522     
    1    1      0.0000000000      0.0000000000      0.0000000000
    2    1      0.6605435582      0.0000000000      0.1784407572

     Dynamical  Matrix in cartesian axes

     q = (    0.378476176   0.094619044   0.525384455 ) 

    1    1
  0.08176215  0.00000000    0.00112932 -0.00096141    0.00247347 -0.00104019
  0.00112932  0.00096141    0.08355608  0.00000000    0.00095628 -0.00244759
  0.00247347  0.00104019    0.00095628  0.00244759    0.09991916  0.00000000
    1    2
 -0.00623475  0.00023982    0.00036181 -0.00023429   -0.03250175 -0.00700563
  0.00036181 -0.00023429    0.05994090  0.02822536    0.00329233 -0.01214145
 -0.03250175 -0.00700563    0.00329233 -0.01214145    0.00088598  0.00186847
    2    1
 -0.00623475 -0.00023982    0.00036181  0.00023429   -0.03250175  0.00700563
  0.00036181  0.00023429    0.05994090 -0.02822536    0.00329233  0.01214145
 -0.03250175  0.00700563    0.00329233  0.01214145    0.00088598 -0.00186847
    2    2
  0.08176215 -0.00000000    0.00112932  0.00096141    0.00247347  0.00104019
  0.00112932 -0.00096141    0.08355608 -0.00000000    0.00095628  0.00244759
  0.00247347 -0.00104019    0.00095628 -0.00244759    0.09991916  0.00000000

     Dynamical  Matrix in cartesian axes

     q = (    0.378476176  -0.094619044   0.525384455 ) 

    1    1
  0.08176215  0.00000000   -0.00112932  0.00096141    0.00247347 -0.00104019
 -0.00112932 -0.00096141    0.08355608  0.00000000   -0.00095628  0.00244759
  0.00247347  0.00104019   -0.00095628 -0.00244759    0.09991916  0.00000000
    1    2
 -0.00623475  0.00023982   -0.00036181  0.00023429   -0.03250175 -0.00700563
 -0.00036181  0.00023429    0.05994090  0.02822536   -0.00329233  0.01214145
 -0.03250175 -0.00700563   -0.00329233  0.01214145    0.00088598  0.00186847
    2    1
 -0.00623475 -0.00023982   -0.00036181 -0.00023429   -0.03250175  0.00700563
 -0.00036181 -0.00023429    0.05994090 -0.02822536   -0.00329233 -0.01214145
 -0.03250175  0.00700563   -0.00329233 -0.01214145    0.00088598 -0.00186847
    2    2
  0.08176215 -0.00000000   -0.00112932 -0.00096141    0.00247347  0.00104019
 -0.00112932  0.00096141    0.08355608  0.00000000   -0.00095628 -0.00244759
  0.00247347 -0.00104019   -0.00095628  0.00244759    0.09991916 -0.00000000

     Dynamical  Matrix in cartesian axes

     q = (    0.094619044   0.378476176   0.525384455 ) 

    1    1
  0.08355608 -0.00000000    0.00112932 -0.00096141    0.00095628  0.00244759
  0.00112932  0.00096141    0.08176215 -0.00000000    0.00247347  0.00104019
  0.00095628 -0.00244759    0.00247347 -0.00104019    0.09991916  0.00000000
    1    2
 -0.05994090  0.02822536   -0.00036181 -0.00023429   -0.00329233 -0.01214145
 -0.00036181 -0.00023429    0.00623475  0.00023982    0.03250175 -0.00700563
 -0.00329233 -0.01214145    0.03250175 -0.00700563   -0.00088598  0.00186847
    2    1
 -0.05994090 -0.02822536   -0.00036181  0.00023429   -0.00329233  0.01214145
 -0.00036181  0.00023429    0.00623475 -0.00023982    0.03250175  0.00700563
 -0.00329233  0.01214145    0.03250175  0.00700563   -0.00088598 -0.00186847
    2    2
  0.08355608  0.00000000    0.00112932  0.00096141    0.00095628 -0.00244759
  0.00112932 -0.00096141    0.08176215  0.00000000    0.00247347 -0.00104019
  0.00095628  0.00244759    0.00247347  0.00104019    0.09991916  0.00000000

     Dynamical  Matrix in cartesian axes

     q = (    0.094619044   0.378476176  -0.525384455 ) 

    1    1
  0.08355608  0.00000000    0.00112932  0.00096141   -0.00095628  0.00244759
  0.00112932 -0.00096141    0.08176215  0.00000000   -0.00247347  0.00104019
 -0.00095628 -0.00244759   -0.00247347 -0.00104019    0.09991916  0.00000000
    1    2
 -0.06234296  0.02242627   -0.00009017  0.00042151   -0.00625727 -0.01091333
 -0.00009017  0.00042151    0.00423906 -0.00457821   -0.02793593  0.01802848
 -0.00625727 -0.01091333   -0.02793593  0.01802848   -0.00194769 -0.00069473
    2    1
 -0.06234296 -0.02242627   -0.00009017 -0.00042151   -0.00625727  0.01091333
 -0.00009017 -0.00042151    0.00423906  0.00457821   -0.02793593 -0.01802848
 -0.00625727  0.01091333   -0.02793593 -0.01802848   -0.00194769  0.00069473
    2    2
  0.08355608 -0.00000000    0.00112932 -0.00096141   -0.00095628 -0.00244759
  0.00112932  0.00096141    0.08176215 -0.00000000   -0.00247347 -0.00104019
 -0.00095628  0.00244759   -0.00247347  0.00104019    0.09991916  0.00000000

     Dynamical  Matrix in cartesian axes

     q = (   -0.094619044  -0.378476176   0.525384455 ) 

    1    1
  0.08355608 -0.00000000    0.00112932 -0.00096141   -0.00095628 -0.00244759
  0.00112932  0.00096141    0.08176215 -0.00000000   -0.00247347 -0.00104019
 -0.00095628  0.00244759   -0.00247347  0.00104019    0.09991916  0.00000000
    1    2
 -0.06234296 -0.02242627   -0.00009017 -0.00042151   -0.00625727  0.01091333
 -0.00009017 -0.00042151    0.00423906  0.00457821   -0.02793593 -0.01802848
 -0.00625727  0.01091333   -0.02793593 -0.01802848   -0.00194769  0.00069473
    2    1
 -0.06234296  0.02242627   -0.00009017  0.00042151   -0.00625727 -0.01091333
 -0.00009017  0.00042151    0.00423906 -0.00457821   -0.02793593  0.01802848
 -0.00625727 -0.01091333   -0.02793593  0.01802848   -0.00194769 -0.00069473
    2    2
  0.08355608  0.00000000    0.00112932  0.00096141   -0.00095628  0.00244759
  0.00112932 -0.00096141    0.08176215  0.00000000   -0.00247347  0.00104019
 -0.00095628 -0.00244759   -0.00247347 -0.00104019    0.09991916  0.00000000

     Dynamical  Matrix in cartesian axes

     q = (   -0.378476176  -0.094619044   0.525384455 ) 

    1    1
  0.08176215  0.00000000    0.00112932 -0.00096141   -0.00247347  0.00104019
  0.00112932  0.00096141    0.08355608  0.00000000   -0.00095628  0.00244759
 -0.00247347 -0.00104019   -0.00095628 -0.00244759    0.09991916  0.00000000
    1    2
  0.00623475 -0.00023982   -0.00036181  0.00023429   -0.03250175 -0.00700563
 -0.00036181  0.00023429   -0.05994090 -0.02822536    0.00329233 -0.01214145
 -0.03250175 -0.00700563    0.00329233 -0.01214145   -0.00088598 -0.00186847
    2    1
  0.00623475  0.00023982   -0.00036181 -0.00023429   -0.03250175  0.00700563
 -0.00036181 -0.00023429   -0.05994090  0.02822536    0.00329233  0.01214145
 -0.03250175  0.00700563    0.00329233  0.01214145   -0.00088598  0.00186847
    2    2
  0.08176215 -0.00000000    0.00112932  0.00096141   -0.00247347 -0.00104019
  0.00112932 -0.00096141    0.08355608 -0.00000000   -0.00095628 -0.00244759
 -0.00247347  0.00104019   -0.00095628  0.00244759    0.09991916  0.00000000

     Dynamical  Matrix in cartesian axes

     q = (   -0.094619044  -0.378476176  -0.525384455 ) 

    1    1
  0.08355608  0.00000000    0.00112932  0.00096141    0.00095628 -0.00244759
  0.00112932 -0.00096141    0.08176215  0.00000000    0.00247347 -0.00104019
  0.00095628  0.00244759    0.00247347  0.00104019    0.09991916  0.00000000
    1    2
 -0.05994090 -0.02822536   -0.00036181  0.00023429   -0.00329233  0.01214145
 -0.00036181  0.00023429    0.00623475 -0.00023982    0.03250175  0.00700563
 -0.00329233  0.01214145    0.03250175  0.00700563   -0.00088598 -0.00186847
    2    1
 -0.05994090  0.02822536   -0.00036181 -0.00023429   -0.00329233 -0.01214145
 -0.00036181 -0.00023429    0.00623475  0.00023982    0.03250175 -0.00700563
 -0.00329233 -0.01214145    0.03250175 -0.00700563   -0.00088598  0.00186847
    2    2
  0.08355608 -0.00000000    0.00112932 -0.00096141    0.00095628  0.00244759
  0.00112932  0.00096141    0.08176215 -0.00000000    0.00247347  0.00104019
  0.00095628 -0.00244759    0.00247347 -0.00104019    0.09991916  0.00000000

     Dynamical  Matrix in cartesian axes

     q = (   -0.378476176  -0.094619044  -0.525384455 ) 

    1    1
  0.08176215 -0.00000000    0.00112932  0.00096141    0.00247347  0.00104019
  0.00112932 -0.00096141    0.08355608 -0.00000000    0.00095628  0.00244759
  0.00247347 -0.00104019    0.00095628 -0.00244759    0.09991916  0.00000000
    1    2
 -0.00623475 -0.00023982    0.00036181  0.00023429   -0.03250175  0.00700563
  0.00036181  0.00023429    0.05994090 -0.02822536    0.00329233  0.01214145
 -0.03250175  0.00700563    0.00329233  0.01214145    0.00088598 -0.00186847
    2    1
 -0.00623475  0.00023982    0.00036181 -0.00023429   -0.03250175 -0.00700563
  0.00036181 -0.00023429    0.05994090  0.02822536    0.00329233 -0.01214145
 -0.03250175 -0.00700563    0.00329233 -0.01214145    0.00088598  0.00186847
    2    2
  0.08176215  0.00000000    0.00112932 -0.00096141    0.00247347 -0.00104019
  0.00112932  0.00096141    0.08355608  0.00000000    0.00095628 -0.00244759
  0.00247347  0.00104019    0.00095628  0.00244759    0.09991916  0.00000000

     Dynamical  Matrix in cartesian axes

     q = (   -0.378476176   0.094619044   0.525384455 ) 

    1    1
  0.08176215  0.00000000   -0.00112932  0.00096141   -0.00247347  0.00104019
 -0.00112932 -0.00096141    0.08355608  0.00000000    0.00095628 -0.00244759
 -0.00247347 -0.00104019    0.00095628  0.00244759    0.09991916  0.00000000
    1    2
  0.00623475 -0.00023982    0.00036181 -0.00023429   -0.03250175 -0.00700563
  0.00036181 -0.00023429   -0.05994090 -0.02822536   -0.00329233  0.01214145
 -0.03250175 -0.00700563   -0.00329233  0.01214145   -0.00088598 -0.00186847
    2    1
  0.00623475  0.00023982    0.00036181  0.00023429   -0.03250175  0.00700563
  0.00036181  0.00023429   -0.05994090  0.02822536   -0.00329233 -0.01214145
 -0.03250175  0.00700563   -0.00329233 -0.01214145   -0.00088598  0.00186847
    2    2
  0.08176215 -0.00000000   -0.00112932 -0.00096141   -0.00247347 -0.00104019
 -0.00112932  0.00096141    0.08355608 -0.00000000    0.00095628  0.00244759
 -0.00247347  0.00104019    0.00095628 -0.00244759    0.09991916 -0.00000000

     Dynamical  Matrix in cartesian axes

     q = (   -0.378476176   0.094619044  -0.525384455 ) 

    1    1
  0.08176215 -0.00000000   -0.00112932 -0.00096141    0.00247347  0.00104019
 -0.00112932  0.00096141    0.08355608  0.00000000   -0.00095628 -0.00244759
  0.00247347 -0.00104019   -0.00095628  0.00244759    0.09991916 -0.00000000
    1    2
 -0.00623475 -0.00023982   -0.00036181 -0.00023429   -0.03250175  0.00700563
 -0.00036181 -0.00023429    0.05994090 -0.02822536   -0.00329233 -0.01214145
 -0.03250175  0.00700563   -0.00329233 -0.01214145    0.00088598 -0.00186847
    2    1
 -0.00623475  0.00023982   -0.00036181  0.00023429   -0.03250175 -0.00700563
 -0.00036181  0.00023429    0.05994090  0.02822536   -0.00329233  0.01214145
 -0.03250175 -0.00700563   -0.00329233  0.01214145    0.00088598  0.00186847
    2    2
  0.08176215  0.00000000   -0.00112932  0.00096141    0.00247347 -0.00104019
 -0.00112932 -0.00096141    0.08355608  0.00000000   -0.00095628  0.00244759
  0.00247347  0.00104019   -0.00095628 -0.00244759    0.09991916  0.00000000

     Dynamical  Matrix in cartesian axes

     q = (    0.094619044  -0.378476176   0.525384455 ) 

    1    1
  0.08355608 -0.00000000   -0.00112932  0.00096141    0.00095628  0.00244759
 -0.00112932 -0.00096141    0.08176215 -0.00000000   -0.00247347 -0.00104019
  0.00095628 -0.00244759   -0.00247347  0.00104019    0.09991916 -0.00000000
    1    2
 -0.05994090  0.02822536    0.00036181  0.00023429   -0.00329233 -0.01214145
  0.00036181  0.00023429    0.00623475  0.00023982   -0.03250175  0.00700563
 -0.00329233 -0.01214145   -0.03250175  0.00700563   -0.00088598  0.00186847
    2    1
 -0.05994090 -0.02822536    0.00036181 -0.00023429   -0.00329233  0.01214145
  0.00036181 -0.00023429    0.00623475 -0.00023982   -0.03250175 -0.00700563
 -0.00329233  0.01214145   -0.03250175 -0.00700563   -0.00088598 -0.00186847
    2    2
  0.08355608  0.00000000   -0.00112932 -0.00096141    0.00095628 -0.00244759
 -0.00112932  0.00096141    0.08176215  0.00000000   -0.00247347  0.00104019
  0.00095628  0.00244759   -0.00247347 -0.00104019    0.09991916  0.00000000

     Dynamical  Matrix in cartesian axes

     q = (    0.378476176  -0.094619044  -0.525384455 ) 

    1    1
  0.08176215 -0.00000000   -0.00112932 -0.00096141   -0.00247347 -0.00104019
 -0.00112932  0.00096141    0.08355608 -0.00000000    0.00095628  0.00244759
 -0.00247347  0.00104019    0.00095628 -0.00244759    0.09991916 -0.00000000
    1    2
  0.00623475  0.00023982    0.00036181  0.00023429   -0.03250175  0.00700563
  0.00036181  0.00023429   -0.05994090  0.02822536   -0.00329233 -0.01214145
 -0.03250175  0.00700563   -0.00329233 -0.01214145   -0.00088598  0.00186847
    2    1
  0.00623475 -0.00023982    0.00036181 -0.00023429   -0.03250175 -0.00700563
  0.00036181 -0.00023429   -0.05994090 -0.02822536   -0.00329233  0.01214145
 -0.03250175 -0.00700563   -0.00329233  0.01214145   -0.00088598 -0.00186847
    2    2
  0.08176215  0.00000000   -0.00112932  0.00096141   -0.00247347  0.00104019
 -0.00112932 -0.00096141    0.08355608  0.00000000    0.00095628 -0.00244759
 -0.00247347 -0.00104019    0.00095628  0.00244759    0.09991916  0.00000000

     Dynamical  Matrix in cartesian axes

     q = (   -0.094619044   0.378476176   0.525384455 ) 

    1    1
  0.08355608  0.00000000   -0.00112932  0.00096141   -0.00095628 -0.00244759
 -0.00112932 -0.00096141    0.08176215 -0.00000000    0.00247347  0.00104019
 -0.00095628  0.00244759    0.00247347 -0.00104019    0.09991916 -0.00000000
    1    2
 -0.06234296 -0.02242627    0.00009017  0.00042151   -0.00625727  0.01091333
  0.00009017  0.00042151    0.00423906  0.00457821    0.02793593  0.01802848
 -0.00625727  0.01091333    0.02793593  0.01802848   -0.00194769  0.00069473
    2    1
 -0.06234296  0.02242627    0.00009017 -0.00042151   -0.00625727 -0.01091333
  0.00009017 -0.00042151    0.00423906 -0.00457821    0.02793593 -0.01802848
 -0.00625727 -0.01091333    0.02793593 -0.01802848   -0.00194769 -0.00069473
    2    2
  0.08355608  0.00000000   -0.00112932 -0.00096141   -0.00095628  0.00244759
 -0.00112932  0.00096141    0.08176215  0.00000000    0.00247347 -0.00104019
 -0.00095628 -0.00244759    0.00247347  0.00104019    0.09991916  0.00000000

     Dynamical  Matrix in cartesian axes

     q = (   -0.094619044   0.378476176  -0.525384455 ) 

    1    1
  0.08355608  0.00000000   -0.00112932 -0.00096141    0.00095628 -0.00244759
 -0.00112932  0.00096141    0.08176215  0.00000000   -0.00247347  0.00104019
  0.00095628  0.00244759   -0.00247347 -0.00104019    0.09991916  0.00000000
    1    2
 -0.05994090 -0.02822536    0.00036181 -0.00023429   -0.00329233  0.01214145
  0.00036181 -0.00023429    0.00623475 -0.00023982   -0.03250175 -0.00700563
 -0.00329233  0.01214145   -0.03250175 -0.00700563   -0.00088598 -0.00186847
    2    1
 -0.05994090  0.02822536    0.00036181  0.00023429   -0.00329233 -0.01214145
  0.00036181  0.00023429    0.00623475  0.00023982   -0.03250175  0.00700563
 -0.00329233 -0.01214145   -0.03250175  0.00700563   -0.00088598  0.00186847
    2    2
  0.08355608 -0.00000000   -0.00112932  0.00096141    0.00095628  0.00244759
 -0.00112932 -0.00096141    0.08176215 -0.00000000   -0.00247347 -0.00104019
  0.00095628 -0.00244759   -0.00247347  0.00104019    0.09991916 -0.00000000

     Dynamical  Matrix in cartesian axes

     q = (    0.378476176   0.094619044  -0.525384455 ) 

    1    1
  0.08176215 -0.00000000    0.00112932  0.00096141   -0.00247347 -0.00104019
  0.00112932 -0.00096141    0.08355608 -0.00000000   -0.00095628 -0.00244759
 -0.00247347  0.00104019   -0.00095628  0.00244759    0.09991916  0.00000000
    1    2
  0.00623475  0.00023982   -0.00036181 -0.00023429   -0.03250175  0.00700563
 -0.00036181 -0.00023429   -0.05994090  0.02822536    0.00329233  0.01214145
 -0.03250175  0.00700563    0.00329233  0.01214145   -0.00088598  0.00186847
    2    1
  0.00623475 -0.00023982   -0.00036181  0.00023429   -0.03250175 -0.00700563
 -0.00036181  0.00023429   -0.05994090 -0.02822536    0.00329233 -0.01214145
 -0.03250175 -0.00700563    0.00329233 -0.01214145   -0.00088598 -0.00186847
    2    2
  0.08176215  0.00000000    0.00112932 -0.00096141   -0.00247347  0.00104019
  0.00112932  0.00096141    0.08355608  0.00000000   -0.00095628  0.00244759
 -0.00247347 -0.00104019   -0.00095628 -0.00244759    0.09991916  0.00000000

     Dynamical  Matrix in cartesian axes

     q = (    0.094619044  -0.378476176  -0.525384455 ) 

    1    1
  0.08355608  0.00000000   -0.00112932 -0.00096141   -0.00095628  0.00244759
 -0.00112932  0.00096141    0.08176215  0.00000000    0.00247347 -0.00104019
 -0.00095628 -0.00244759    0.00247347  0.00104019    0.09991916  0.00000000
    1    2
 -0.06234296  0.02242627    0.00009017 -0.00042151   -0.00625727 -0.01091333
  0.00009017 -0.00042151    0.00423906 -0.00457821    0.02793593 -0.01802848
 -0.00625727 -0.01091333    0.02793593 -0.01802848   -0.00194769 -0.00069473
    2    1
 -0.06234296 -0.02242627    0.00009017  0.00042151   -0.00625727  0.01091333
  0.00009017  0.00042151    0.00423906  0.00457821    0.02793593  0.01802848
 -0.00625727  0.01091333    0.02793593  0.01802848   -0.00194769  0.00069473
    2    2
  0.08355608  0.00000000   -0.00112932  0.00096141   -0.00095628 -0.00244759
 -0.00112932 -0.00096141    0.08176215 -0.00000000    0.00247347  0.00104019
 -0.00095628  0.00244759    0.00247347 -0.00104019    0.09991916 -0.00000000

     Diagonalizing the dynamical matrix

     q = (    0.378476176   0.094619044   0.525384455 ) 

 **************************************************************************
     freq (    1) =       1.190771 [THz] =      39.719858 [cm-1]
 (  0.066277  0.006044 -0.152792  0.671894  0.144164  0.000291 ) 
 (  0.066289 -0.005910 -0.151434 -0.672202  0.144165  0.000000 ) 
     freq (    2) =       2.368521 [THz] =      79.005341 [cm-1]
 ( -0.554133 -0.022208  0.085161  0.072334 -0.026944  0.423359 ) 
 ( -0.013032  0.554425 -0.066779 -0.089583 -0.424216  0.000000 ) 
     freq (    3) =       2.393127 [THz] =      79.826139 [cm-1]
 (  0.527201  0.218654  0.085345  0.000438 -0.214563  0.347747 ) 
 ( -0.090750  0.563485 -0.044442  0.072862  0.408614  0.000000 ) 
     freq (    4) =       3.508393 [THz] =     117.027409 [cm-1]
 ( -0.372194 -0.062984  0.111825 -0.022609  0.444297  0.383522 ) 
 ( -0.322900 -0.195527  0.069876  0.090185  0.586931  0.000000 ) 
     freq (    5) =       3.561534 [THz] =     118.800000 [cm-1]
 (  0.437858  0.113547  0.156419 -0.156465  0.330608  0.370321 ) 
 ( -0.376306 -0.251011  0.012547 -0.220887 -0.496426  0.000000 ) 
     freq (    6) =       3.913495 [THz] =     130.540154 [cm-1]
 ( -0.119144 -0.030989  0.173554 -0.642930 -0.202521 -0.018707 ) 
 (  0.121489 -0.019899 -0.113683 -0.656168  0.203383  0.000000 ) 
 **************************************************************************
