Dynamical matrix file
default                                                                    
  1    2  0 11.0001074  1.0000000  0.5402846  0.0000000  0.0000000  0.0000000
Basis vectors
     -0.660543558    0.660543558    0.356881514
      0.660543558   -0.660543558    0.356881514
      0.660543558    0.660543558   -0.356881514
           1  'Sn  '    108197.545983522     
    1    1      0.0000000000      0.0000000000      0.0000000000
    2    1      0.6605435582      0.0000000000      0.1784407572

     Dynamical  Matrix in cartesian axes

     q = (    0.378476176   0.283857132   0.175128152 ) 

    1    1
  0.09638029 -0.00000000    0.00692960 -0.00341137   -0.00050027  0.00067080
  0.00692960  0.00341137    0.09340634 -0.00000000    0.00204344 -0.00080889
 -0.00050027 -0.00067080    0.00204344  0.00080889    0.03377393  0.00000000
    1    2
  0.00134778 -0.00121667    0.00022315 -0.00056767   -0.02103624 -0.00722519
  0.00022315 -0.00056767    0.01113027  0.02528222    0.01603502 -0.01291703
 -0.02103624 -0.00722519    0.01603502 -0.01291703    0.00002109  0.00139355
    2    1
  0.00134778  0.00121667    0.00022315  0.00056767   -0.02103624  0.00722519
  0.00022315  0.00056767    0.01113027 -0.02528222    0.01603502  0.01291703
 -0.02103624  0.00722519    0.01603502  0.01291703    0.00002109 -0.00139355
    2    2
  0.09638029  0.00000000    0.00692960  0.00341137   -0.00050027 -0.00067080
  0.00692960 -0.00341137    0.09340634  0.00000000    0.00204344  0.00080889
 -0.00050027  0.00067080    0.00204344 -0.00080889    0.03377393 -0.00000000

     Dynamical  Matrix in cartesian axes

     q = (    0.378476176  -0.283857132   0.175128152 ) 

    1    1
  0.09638029 -0.00000000   -0.00692960  0.00341137   -0.00050027  0.00067080
 -0.00692960 -0.00341137    0.09340634 -0.00000000   -0.00204344  0.00080889
 -0.00050027 -0.00067080   -0.00204344 -0.00080889    0.03377393  0.00000000
    1    2
  0.00134778 -0.00121667   -0.00022315  0.00056767   -0.02103624 -0.00722519
 -0.00022315  0.00056767    0.01113027  0.02528222   -0.01603502  0.01291703
 -0.02103624 -0.00722519   -0.01603502  0.01291703    0.00002109  0.00139355
    2    1
  0.00134778  0.00121667   -0.00022315 -0.00056767   -0.02103624  0.00722519
 -0.00022315 -0.00056767    0.01113027 -0.02528222   -0.01603502 -0.01291703
 -0.02103624  0.00722519   -0.01603502 -0.01291703    0.00002109 -0.00139355
    2    2
  0.09638029  0.00000000   -0.00692960 -0.00341137   -0.00050027 -0.00067080
 -0.00692960  0.00341137    0.09340634  0.00000000   -0.00204344 -0.00080889
 -0.00050027  0.00067080   -0.00204344  0.00080889    0.03377393 -0.00000000

     Dynamical  Matrix in cartesian axes

     q = (    0.283857132   0.378476176   0.175128152 ) 

    1    1
  0.09340634  0.00000000    0.00692960 -0.00341137    0.00204344  0.00080889
  0.00692960  0.00341137    0.09638029  0.00000000   -0.00050027 -0.00067080
  0.00204344 -0.00080889   -0.00050027  0.00067080    0.03377393  0.00000000
    1    2
 -0.01113027  0.02528222   -0.00022315 -0.00056767   -0.01603502 -0.01291703
 -0.00022315 -0.00056767   -0.00134778 -0.00121667    0.02103624 -0.00722519
 -0.01603502 -0.01291703    0.02103624 -0.00722519   -0.00002109  0.00139355
    2    1
 -0.01113027 -0.02528222   -0.00022315  0.00056767   -0.01603502  0.01291703
 -0.00022315  0.00056767   -0.00134778  0.00121667    0.02103624  0.00722519
 -0.01603502  0.01291703    0.02103624  0.00722519   -0.00002109 -0.00139355
    2    2
  0.09340634 -0.00000000    0.00692960  0.00341137    0.00204344 -0.00080889
  0.00692960 -0.00341137    0.09638029 -0.00000000   -0.00050027  0.00067080
  0.00204344  0.00080889   -0.00050027 -0.00067080    0.03377393 -0.00000000

     Dynamical  Matrix in cartesian axes

     q = (    0.283857132   0.378476176  -0.175128152 ) 

    1    1
  0.09340634 -0.00000000    0.00692960  0.00341137   -0.00204344  0.00080889
  0.00692960 -0.00341137    0.09638029 -0.00000000    0.00050027 -0.00067080
 -0.00204344 -0.00080889    0.00050027  0.00067080    0.03377393  0.00000000
    1    2
 -0.01000694  0.02574752    0.00055919 -0.00024361   -0.02047219 -0.00220475
  0.00055919 -0.00024361    0.00181334  0.00009271    0.00976588  0.01998385
 -0.02047219 -0.00220475    0.00976588  0.01998385   -0.00097047  0.00100030
    2    1
 -0.01000694 -0.02574752    0.00055919  0.00024361   -0.02047219  0.00220475
  0.00055919  0.00024361    0.00181334 -0.00009271    0.00976588 -0.01998385
 -0.02047219  0.00220475    0.00976588 -0.01998385   -0.00097047 -0.00100030
    2    2
  0.09340634  0.00000000    0.00692960 -0.00341137   -0.00204344 -0.00080889
  0.00692960  0.00341137    0.09638029  0.00000000    0.00050027  0.00067080
 -0.00204344  0.00080889    0.00050027 -0.00067080    0.03377393 -0.00000000

     Dynamical  Matrix in cartesian axes

     q = (   -0.283857132  -0.378476176   0.175128152 ) 

    1    1
  0.09340634  0.00000000    0.00692960 -0.00341137   -0.00204344 -0.00080889
  0.00692960  0.00341137    0.09638029  0.00000000    0.00050027  0.00067080
 -0.00204344  0.00080889    0.00050027 -0.00067080    0.03377393 -0.00000000
    1    2
 -0.01000694 -0.02574752    0.00055919  0.00024361   -0.02047219  0.00220475
  0.00055919  0.00024361    0.00181334 -0.00009271    0.00976588 -0.01998385
 -0.02047219  0.00220475    0.00976588 -0.01998385   -0.00097047 -0.00100030
    2    1
 -0.01000694  0.02574752    0.00055919 -0.00024361   -0.02047219 -0.00220475
  0.00055919 -0.00024361    0.00181334  0.00009271    0.00976588  0.01998385
 -0.02047219 -0.00220475    0.00976588  0.01998385   -0.00097047  0.00100030
    2    2
  0.09340634 -0.00000000    0.00692960  0.00341137   -0.00204344  0.00080889
  0.00692960 -0.00341137    0.09638029 -0.00000000    0.00050027 -0.00067080
 -0.00204344 -0.00080889    0.00050027  0.00067080    0.03377393  0.00000000

     Dynamical  Matrix in cartesian axes

     q = (   -0.378476176  -0.283857132   0.175128152 ) 

    1    1
  0.09638029 -0.00000000    0.00692960 -0.00341137    0.00050027 -0.00067080
  0.00692960  0.00341137    0.09340634 -0.00000000   -0.00204344  0.00080889
  0.00050027  0.00067080   -0.00204344 -0.00080889    0.03377393 -0.00000000
    1    2
 -0.00134778  0.00121667   -0.00022315  0.00056767   -0.02103624 -0.00722519
 -0.00022315  0.00056767   -0.01113027 -0.02528222    0.01603502 -0.01291703
 -0.02103624 -0.00722519    0.01603502 -0.01291703   -0.00002109 -0.00139355
    2    1
 -0.00134778 -0.00121667   -0.00022315 -0.00056767   -0.02103624  0.00722519
 -0.00022315 -0.00056767   -0.01113027  0.02528222    0.01603502  0.01291703
 -0.02103624  0.00722519    0.01603502  0.01291703   -0.00002109  0.00139355
    2    2
  0.09638029  0.00000000    0.00692960  0.00341137    0.00050027  0.00067080
  0.00692960 -0.00341137    0.09340634  0.00000000   -0.00204344 -0.00080889
  0.00050027 -0.00067080   -0.00204344  0.00080889    0.03377393  0.00000000

     Dynamical  Matrix in cartesian axes

     q = (   -0.283857132  -0.378476176  -0.175128152 ) 

    1    1
  0.09340634 -0.00000000    0.00692960  0.00341137    0.00204344 -0.00080889
  0.00692960 -0.00341137    0.09638029 -0.00000000   -0.00050027  0.00067080
  0.00204344  0.00080889   -0.00050027 -0.00067080    0.03377393 -0.00000000
    1    2
 -0.01113027 -0.02528222   -0.00022315  0.00056767   -0.01603502  0.01291703
 -0.00022315  0.00056767   -0.00134778  0.00121667    0.02103624  0.00722519
 -0.01603502  0.01291703    0.02103624  0.00722519   -0.00002109 -0.00139355
    2    1
 -0.01113027  0.02528222   -0.00022315 -0.00056767   -0.01603502 -0.01291703
 -0.00022315 -0.00056767   -0.00134778 -0.00121667    0.02103624 -0.00722519
 -0.01603502 -0.01291703    0.02103624 -0.00722519   -0.00002109  0.00139355
    2    2
  0.09340634  0.00000000    0.00692960 -0.00341137    0.00204344  0.00080889
  0.00692960  0.00341137    0.09638029  0.00000000   -0.00050027 -0.00067080
  0.00204344 -0.00080889   -0.00050027  0.00067080    0.03377393  0.00000000

     Dynamical  Matrix in cartesian axes

     q = (   -0.378476176  -0.283857132  -0.175128152 ) 

    1    1
  0.09638029  0.00000000    0.00692960  0.00341137   -0.00050027 -0.00067080
  0.00692960 -0.00341137    0.09340634  0.00000000    0.00204344  0.00080889
 -0.00050027  0.00067080    0.00204344 -0.00080889    0.03377393 -0.00000000
    1    2
  0.00134778  0.00121667    0.00022315  0.00056767   -0.02103624  0.00722519
  0.00022315  0.00056767    0.01113027 -0.02528222    0.01603502  0.01291703
 -0.02103624  0.00722519    0.01603502  0.01291703    0.00002109 -0.00139355
    2    1
  0.00134778 -0.00121667    0.00022315 -0.00056767   -0.02103624 -0.00722519
  0.00022315 -0.00056767    0.01113027  0.02528222    0.01603502 -0.01291703
 -0.02103624 -0.00722519    0.01603502 -0.01291703    0.00002109  0.00139355
    2    2
  0.09638029 -0.00000000    0.00692960 -0.00341137   -0.00050027  0.00067080
  0.00692960  0.00341137    0.09340634 -0.00000000    0.00204344 -0.00080889
 -0.00050027 -0.00067080    0.00204344  0.00080889    0.03377393  0.00000000

     Dynamical  Matrix in cartesian axes

     q = (   -0.378476176   0.283857132   0.175128152 ) 

    1    1
  0.09638029  0.00000000   -0.00692960  0.00341137    0.00050027 -0.00067080
 -0.00692960 -0.00341137    0.09340634  0.00000000    0.00204344 -0.00080889
  0.00050027  0.00067080    0.00204344  0.00080889    0.03377393  0.00000000
    1    2
 -0.00134778  0.00121667    0.00022315 -0.00056767   -0.02103624 -0.00722519
  0.00022315 -0.00056767   -0.01113027 -0.02528222   -0.01603502  0.01291703
 -0.02103624 -0.00722519   -0.01603502  0.01291703   -0.00002109 -0.00139355
    2    1
 -0.00134778 -0.00121667    0.00022315  0.00056767   -0.02103624  0.00722519
  0.00022315  0.00056767   -0.01113027  0.02528222   -0.01603502 -0.01291703
 -0.02103624  0.00722519   -0.01603502 -0.01291703   -0.00002109  0.00139355
    2    2
  0.09638029 -0.00000000   -0.00692960 -0.00341137    0.00050027  0.00067080
 -0.00692960  0.00341137    0.09340634 -0.00000000    0.00204344  0.00080889
  0.00050027 -0.00067080    0.00204344 -0.00080889    0.03377393 -0.00000000

     Dynamical  Matrix in cartesian axes

     q = (   -0.378476176   0.283857132  -0.175128152 ) 

    1    1
  0.09638029  0.00000000   -0.00692960 -0.00341137   -0.00050027 -0.00067080
 -0.00692960  0.00341137    0.09340634  0.00000000   -0.00204344 -0.00080889
 -0.00050027  0.00067080   -0.00204344  0.00080889    0.03377393 -0.00000000
    1    2
  0.00134778  0.00121667   -0.00022315 -0.00056767   -0.02103624  0.00722519
 -0.00022315 -0.00056767    0.01113027 -0.02528222   -0.01603502 -0.01291703
 -0.02103624  0.00722519   -0.01603502 -0.01291703    0.00002109 -0.00139355
    2    1
  0.00134778 -0.00121667   -0.00022315  0.00056767   -0.02103624 -0.00722519
 -0.00022315  0.00056767    0.01113027  0.02528222   -0.01603502  0.01291703
 -0.02103624 -0.00722519   -0.01603502  0.01291703    0.00002109  0.00139355
    2    2
  0.09638029 -0.00000000   -0.00692960  0.00341137   -0.00050027  0.00067080
 -0.00692960 -0.00341137    0.09340634 -0.00000000   -0.00204344  0.00080889
 -0.00050027 -0.00067080   -0.00204344 -0.00080889    0.03377393  0.00000000

     Dynamical  Matrix in cartesian axes

     q = (    0.283857132  -0.378476176   0.175128152 ) 

    1    1
  0.09340634 -0.00000000   -0.00692960  0.00341137    0.00204344  0.00080889
 -0.00692960 -0.00341137    0.09638029 -0.00000000    0.00050027  0.00067080
  0.00204344 -0.00080889    0.00050027 -0.00067080    0.03377393 -0.00000000
    1    2
 -0.01113027  0.02528222    0.00022315  0.00056767   -0.01603502 -0.01291703
  0.00022315  0.00056767   -0.00134778 -0.00121667   -0.02103624  0.00722519
 -0.01603502 -0.01291703   -0.02103624  0.00722519   -0.00002109  0.00139355
    2    1
 -0.01113027 -0.02528222    0.00022315 -0.00056767   -0.01603502  0.01291703
  0.00022315 -0.00056767   -0.00134778  0.00121667   -0.02103624 -0.00722519
 -0.01603502  0.01291703   -0.02103624 -0.00722519   -0.00002109 -0.00139355
    2    2
  0.09340634  0.00000000   -0.00692960 -0.00341137    0.00204344 -0.00080889
 -0.00692960  0.00341137    0.09638029  0.00000000    0.00050027 -0.00067080
  0.00204344  0.00080889    0.00050027  0.00067080    0.03377393  0.00000000

     Dynamical  Matrix in cartesian axes

     q = (    0.378476176  -0.283857132  -0.175128152 ) 

    1    1
  0.09638029 -0.00000000   -0.00692960 -0.00341137    0.00050027  0.00067080
 -0.00692960  0.00341137    0.09340634 -0.00000000    0.00204344  0.00080889
  0.00050027 -0.00067080    0.00204344 -0.00080889    0.03377393 -0.00000000
    1    2
 -0.00134778 -0.00121667    0.00022315  0.00056767   -0.02103624  0.00722519
  0.00022315  0.00056767   -0.01113027  0.02528222   -0.01603502 -0.01291703
 -0.02103624  0.00722519   -0.01603502 -0.01291703   -0.00002109  0.00139355
    2    1
 -0.00134778  0.00121667    0.00022315 -0.00056767   -0.02103624 -0.00722519
  0.00022315 -0.00056767   -0.01113027 -0.02528222   -0.01603502  0.01291703
 -0.02103624 -0.00722519   -0.01603502  0.01291703   -0.00002109 -0.00139355
    2    2
  0.09638029  0.00000000   -0.00692960  0.00341137    0.00050027 -0.00067080
 -0.00692960 -0.00341137    0.09340634  0.00000000    0.00204344 -0.00080889
  0.00050027  0.00067080    0.00204344  0.00080889    0.03377393  0.00000000

     Dynamical  Matrix in cartesian axes

     q = (   -0.283857132   0.378476176   0.175128152 ) 

    1    1
  0.09340634  0.00000000   -0.00692960  0.00341137   -0.00204344 -0.00080889
 -0.00692960 -0.00341137    0.09638029  0.00000000   -0.00050027 -0.00067080
 -0.00204344  0.00080889   -0.00050027  0.00067080    0.03377393 -0.00000000
    1    2
 -0.01000694 -0.02574752   -0.00055919 -0.00024361   -0.02047219  0.00220475
 -0.00055919 -0.00024361    0.00181334 -0.00009271   -0.00976588  0.01998385
 -0.02047219  0.00220475   -0.00976588  0.01998385   -0.00097047 -0.00100030
    2    1
 -0.01000694  0.02574752   -0.00055919  0.00024361   -0.02047219 -0.00220475
 -0.00055919  0.00024361    0.00181334  0.00009271   -0.00976588 -0.01998385
 -0.02047219 -0.00220475   -0.00976588 -0.01998385   -0.00097047  0.00100030
    2    2
  0.09340634 -0.00000000   -0.00692960 -0.00341137   -0.00204344  0.00080889
 -0.00692960  0.00341137    0.09638029 -0.00000000   -0.00050027  0.00067080
 -0.00204344 -0.00080889   -0.00050027 -0.00067080    0.03377393  0.00000000

     Dynamical  Matrix in cartesian axes

     q = (   -0.283857132   0.378476176  -0.175128152 ) 

    1    1
  0.09340634  0.00000000   -0.00692960 -0.00341137    0.00204344 -0.00080889
 -0.00692960  0.00341137    0.09638029  0.00000000    0.00050027 -0.00067080
  0.00204344  0.00080889    0.00050027  0.00067080    0.03377393  0.00000000
    1    2
 -0.01113027 -0.02528222    0.00022315 -0.00056767   -0.01603502  0.01291703
  0.00022315 -0.00056767   -0.00134778  0.00121667   -0.02103624 -0.00722519
 -0.01603502  0.01291703   -0.02103624 -0.00722519   -0.00002109 -0.00139355
    2    1
 -0.01113027  0.02528222    0.00022315  0.00056767   -0.01603502 -0.01291703
  0.00022315  0.00056767   -0.00134778 -0.00121667   -0.02103624  0.00722519
 -0.01603502 -0.01291703   -0.02103624  0.00722519   -0.00002109  0.00139355
    2    2
  0.09340634 -0.00000000   -0.00692960  0.00341137    0.00204344  0.00080889
 -0.00692960 -0.00341137    0.09638029 -0.00000000    0.00050027  0.00067080
  0.00204344 -0.00080889    0.00050027 -0.00067080    0.03377393 -0.00000000

     Dynamical  Matrix in cartesian axes

     q = (    0.378476176   0.283857132  -0.175128152 ) 

    1    1
  0.09638029  0.00000000    0.00692960  0.00341137    0.00050027  0.00067080
  0.00692960 -0.00341137    0.09340634  0.00000000   -0.00204344 -0.00080889
  0.00050027 -0.00067080   -0.00204344  0.00080889    0.03377393  0.00000000
    1    2
 -0.00134778 -0.00121667   -0.00022315 -0.00056767   -0.02103624  0.00722519
 -0.00022315 -0.00056767   -0.01113027  0.02528222    0.01603502  0.01291703
 -0.02103624  0.00722519    0.01603502  0.01291703   -0.00002109  0.00139355
    2    1
 -0.00134778  0.00121667   -0.00022315  0.00056767   -0.02103624 -0.00722519
 -0.00022315  0.00056767   -0.01113027 -0.02528222    0.01603502 -0.01291703
 -0.02103624 -0.00722519    0.01603502 -0.01291703   -0.00002109 -0.00139355
    2    2
  0.09638029 -0.00000000    0.00692960 -0.00341137    0.00050027 -0.00067080
  0.00692960  0.00341137    0.09340634 -0.00000000   -0.00204344  0.00080889
  0.00050027  0.00067080   -0.00204344 -0.00080889    0.03377393 -0.00000000

     Dynamical  Matrix in cartesian axes

     q = (    0.283857132  -0.378476176  -0.175128152 ) 

    1    1
  0.09340634 -0.00000000   -0.00692960 -0.00341137   -0.00204344  0.00080889
 -0.00692960  0.00341137    0.09638029 -0.00000000   -0.00050027  0.00067080
 -0.00204344 -0.00080889   -0.00050027 -0.00067080    0.03377393  0.00000000
    1    2
 -0.01000694  0.02574752   -0.00055919  0.00024361   -0.02047219 -0.00220475
 -0.00055919  0.00024361    0.00181334  0.00009271   -0.00976588 -0.01998385
 -0.02047219 -0.00220475   -0.00976588 -0.01998385   -0.00097047  0.00100030
    2    1
 -0.01000694 -0.02574752   -0.00055919 -0.00024361   -0.02047219  0.00220475
 -0.00055919 -0.00024361    0.00181334 -0.00009271   -0.00976588  0.01998385
 -0.02047219  0.00220475   -0.00976588  0.01998385   -0.00097047 -0.00100030
    2    2
  0.09340634  0.00000000   -0.00692960  0.00341137   -0.00204344 -0.00080889
 -0.00692960 -0.00341137    0.09638029  0.00000000   -0.00050027 -0.00067080
 -0.00204344  0.00080889   -0.00050027  0.00067080    0.03377393 -0.00000000

     Diagonalizing the dynamical matrix

     q = (    0.378476176   0.283857132   0.175128152 ) 

 **************************************************************************
     freq (    1) =       1.310284 [THz] =      43.706370 [cm-1]
 ( -0.178888 -0.028339  0.211225 -0.191644 -0.613578 -0.096823 ) 
 ( -0.181119  0.000109  0.178772  0.222225 -0.621170  0.000000 ) 
     freq (    2) =       1.514362 [THz] =      50.513665 [cm-1]
 ( -0.197030 -0.056302  0.137609 -0.045499  0.641476  0.159724 ) 
 (  0.204796 -0.007028 -0.122538 -0.077400 -0.661062  0.000000 ) 
     freq (    3) =       2.694616 [THz] =      89.882706 [cm-1]
 ( -0.073551 -0.238848 -0.558953  0.252438 -0.094380 -0.229088 ) 
 ( -0.248857  0.022976  0.020490 -0.612971 -0.247768  0.000000 ) 
     freq (    4) =       3.189396 [THz] =     106.386807 [cm-1]
 (  0.635243  0.122283  0.140557 -0.197990  0.119352 -0.091168 ) 
 ( -0.430590  0.482783 -0.231883 -0.072018 -0.150188  0.000000 ) 
     freq (    5) =       3.238610 [THz] =     108.028402 [cm-1]
 (  0.579482  0.239104 -0.157361  0.124754 -0.246005  0.078646 ) 
 (  0.479152 -0.404207 -0.187876 -0.070911 -0.258270  0.000000 ) 
     freq (    6) =       3.576848 [THz] =     119.310799 [cm-1]
 (  0.089224  0.208155 -0.394120  0.516609  0.160197  0.028855 ) 
 ( -0.124710  0.189042  0.296299  0.578292 -0.162775  0.000000 ) 
 **************************************************************************
