Dynamical matrix file
default                                                                    
  1    2  0 11.0001074  1.0000000  0.5402846  0.0000000  0.0000000  0.0000000
Basis vectors
     -0.660543558    0.660543558    0.356881514
      0.660543558   -0.660543558    0.356881514
      0.660543558    0.660543558   -0.356881514
           1  'Sn  '    108197.545983522     
    1    1      0.0000000000      0.0000000000      0.0000000000
    2    1      0.6605435582      0.0000000000      0.1784407572

     Dynamical  Matrix in cartesian axes

     q = (    0.189238088   0.189238088   0.350256303 ) 

    1    1
  0.08144515 -0.00000000   -0.00023181 -0.00279431    0.00506374  0.00241200
 -0.00023181  0.00279431    0.08144515  0.00000000    0.00506374 -0.00241200
  0.00506374 -0.00241200    0.00506374  0.00241200    0.07227361 -0.00000000
    1    2
 -0.03089876  0.03284127    0.00167128 -0.00403483   -0.01085790 -0.01671888
  0.00167128 -0.00403483   -0.00137357  0.04507101    0.01949973 -0.00414434
 -0.01085790 -0.01671888    0.01949973 -0.00414434   -0.00152627  0.00368474
    2    1
 -0.03089876 -0.03284127    0.00167128  0.00403483   -0.01085790  0.01671888
  0.00167128  0.00403483   -0.00137357 -0.04507101    0.01949973  0.00414434
 -0.01085790  0.01671888    0.01949973  0.00414434   -0.00152627 -0.00368474
    2    2
  0.08144515  0.00000000   -0.00023181  0.00279431    0.00506374 -0.00241200
 -0.00023181 -0.00279431    0.08144515 -0.00000000    0.00506374  0.00241200
  0.00506374  0.00241200    0.00506374 -0.00241200    0.07227361  0.00000000

     Dynamical  Matrix in cartesian axes

     q = (   -0.189238088  -0.189238088  -0.350256303 ) 

    1    1
  0.08144515  0.00000000   -0.00023181  0.00279431    0.00506374 -0.00241200
 -0.00023181 -0.00279431    0.08144515 -0.00000000    0.00506374  0.00241200
  0.00506374  0.00241200    0.00506374 -0.00241200    0.07227361  0.00000000
    1    2
 -0.03089876 -0.03284127    0.00167128  0.00403483   -0.01085790  0.01671888
  0.00167128  0.00403483   -0.00137357 -0.04507101    0.01949973  0.00414434
 -0.01085790  0.01671888    0.01949973  0.00414434   -0.00152627 -0.00368474
    2    1
 -0.03089876  0.03284127    0.00167128 -0.00403483   -0.01085790 -0.01671888
  0.00167128 -0.00403483   -0.00137357  0.04507101    0.01949973 -0.00414434
 -0.01085790 -0.01671888    0.01949973 -0.00414434   -0.00152627  0.00368474
    2    2
  0.08144515 -0.00000000   -0.00023181 -0.00279431    0.00506374  0.00241200
 -0.00023181  0.00279431    0.08144515  0.00000000    0.00506374 -0.00241200
  0.00506374 -0.00241200    0.00506374  0.00241200    0.07227361 -0.00000000

     Dynamical  Matrix in cartesian axes

     q = (   -0.189238088   0.189238088  -0.350256303 ) 

    1    1
  0.08144515  0.00000000    0.00023181 -0.00279431    0.00506374 -0.00241200
  0.00023181  0.00279431    0.08144515 -0.00000000   -0.00506374 -0.00241200
  0.00506374  0.00241200   -0.00506374  0.00241200    0.07227361  0.00000000
    1    2
 -0.03089876 -0.03284127   -0.00167128 -0.00403483   -0.01085790  0.01671888
 -0.00167128 -0.00403483   -0.00137357 -0.04507101   -0.01949973 -0.00414434
 -0.01085790  0.01671888   -0.01949973 -0.00414434   -0.00152627 -0.00368474
    2    1
 -0.03089876  0.03284127   -0.00167128  0.00403483   -0.01085790 -0.01671888
 -0.00167128  0.00403483   -0.00137357  0.04507101   -0.01949973  0.00414434
 -0.01085790 -0.01671888   -0.01949973  0.00414434   -0.00152627  0.00368474
    2    2
  0.08144515 -0.00000000    0.00023181  0.00279431    0.00506374  0.00241200
  0.00023181 -0.00279431    0.08144515  0.00000000   -0.00506374  0.00241200
  0.00506374 -0.00241200   -0.00506374 -0.00241200    0.07227361  0.00000000

     Dynamical  Matrix in cartesian axes

     q = (    0.189238088  -0.189238088   0.350256303 ) 

    1    1
  0.08144515 -0.00000000    0.00023181  0.00279431    0.00506374  0.00241200
  0.00023181 -0.00279431    0.08144515  0.00000000   -0.00506374  0.00241200
  0.00506374 -0.00241200   -0.00506374 -0.00241200    0.07227361  0.00000000
    1    2
 -0.03089876  0.03284127   -0.00167128  0.00403483   -0.01085790 -0.01671888
 -0.00167128  0.00403483   -0.00137357  0.04507101   -0.01949973  0.00414434
 -0.01085790 -0.01671888   -0.01949973  0.00414434   -0.00152627  0.00368474
    2    1
 -0.03089876 -0.03284127   -0.00167128 -0.00403483   -0.01085790  0.01671888
 -0.00167128 -0.00403483   -0.00137357 -0.04507101   -0.01949973 -0.00414434
 -0.01085790  0.01671888   -0.01949973 -0.00414434   -0.00152627 -0.00368474
    2    2
  0.08144515  0.00000000    0.00023181 -0.00279431    0.00506374 -0.00241200
  0.00023181  0.00279431    0.08144515 -0.00000000   -0.00506374 -0.00241200
  0.00506374  0.00241200   -0.00506374  0.00241200    0.07227361  0.00000000

     Dynamical  Matrix in cartesian axes

     q = (   -0.189238088  -0.189238088   0.350256303 ) 

    1    1
  0.08144515  0.00000000   -0.00023181 -0.00279431   -0.00506374 -0.00241200
 -0.00023181  0.00279431    0.08144515  0.00000000   -0.00506374  0.00241200
 -0.00506374  0.00241200   -0.00506374 -0.00241200    0.07227361  0.00000000
    1    2
 -0.03284127 -0.03089876    0.00403483  0.00167128   -0.01671888  0.01085790
  0.00403483  0.00167128   -0.04507101 -0.00137357   -0.00414434 -0.01949973
 -0.01671888  0.01085790   -0.00414434 -0.01949973   -0.00368474 -0.00152627
    2    1
 -0.03284127  0.03089876    0.00403483 -0.00167128   -0.01671888 -0.01085790
  0.00403483 -0.00167128   -0.04507101  0.00137357   -0.00414434  0.01949973
 -0.01671888 -0.01085790   -0.00414434  0.01949973   -0.00368474  0.00152627
    2    2
  0.08144515  0.00000000   -0.00023181  0.00279431   -0.00506374  0.00241200
 -0.00023181 -0.00279431    0.08144515  0.00000000   -0.00506374 -0.00241200
 -0.00506374 -0.00241200   -0.00506374  0.00241200    0.07227361 -0.00000000

     Dynamical  Matrix in cartesian axes

     q = (   -0.189238088   0.189238088   0.350256303 ) 

    1    1
  0.08144515 -0.00000000    0.00023181  0.00279431   -0.00506374 -0.00241200
  0.00023181 -0.00279431    0.08144515  0.00000000    0.00506374 -0.00241200
 -0.00506374  0.00241200    0.00506374  0.00241200    0.07227361  0.00000000
    1    2
 -0.03284127 -0.03089876   -0.00403483 -0.00167128   -0.01671888  0.01085790
 -0.00403483 -0.00167128   -0.04507101 -0.00137357    0.00414434  0.01949973
 -0.01671888  0.01085790    0.00414434  0.01949973   -0.00368474 -0.00152627
    2    1
 -0.03284127  0.03089876   -0.00403483  0.00167128   -0.01671888 -0.01085790
 -0.00403483  0.00167128   -0.04507101  0.00137357    0.00414434 -0.01949973
 -0.01671888 -0.01085790    0.00414434 -0.01949973   -0.00368474  0.00152627
    2    2
  0.08144515  0.00000000    0.00023181 -0.00279431   -0.00506374  0.00241200
  0.00023181  0.00279431    0.08144515 -0.00000000    0.00506374  0.00241200
 -0.00506374 -0.00241200    0.00506374 -0.00241200    0.07227361  0.00000000

     Dynamical  Matrix in cartesian axes

     q = (    0.189238088   0.189238088  -0.350256303 ) 

    1    1
  0.08144515  0.00000000   -0.00023181  0.00279431   -0.00506374  0.00241200
 -0.00023181 -0.00279431    0.08144515  0.00000000   -0.00506374 -0.00241200
 -0.00506374 -0.00241200   -0.00506374  0.00241200    0.07227361 -0.00000000
    1    2
 -0.03284127  0.03089876    0.00403483 -0.00167128   -0.01671888 -0.01085790
  0.00403483 -0.00167128   -0.04507101  0.00137357   -0.00414434  0.01949973
 -0.01671888 -0.01085790   -0.00414434  0.01949973   -0.00368474  0.00152627
    2    1
 -0.03284127 -0.03089876    0.00403483  0.00167128   -0.01671888  0.01085790
  0.00403483  0.00167128   -0.04507101 -0.00137357   -0.00414434 -0.01949973
 -0.01671888  0.01085790   -0.00414434 -0.01949973   -0.00368474 -0.00152627
    2    2
  0.08144515  0.00000000   -0.00023181 -0.00279431   -0.00506374 -0.00241200
 -0.00023181  0.00279431    0.08144515  0.00000000   -0.00506374  0.00241200
 -0.00506374  0.00241200   -0.00506374 -0.00241200    0.07227361  0.00000000

     Dynamical  Matrix in cartesian axes

     q = (    0.189238088  -0.189238088  -0.350256303 ) 

    1    1
  0.08144515  0.00000000    0.00023181 -0.00279431   -0.00506374  0.00241200
  0.00023181  0.00279431    0.08144515 -0.00000000    0.00506374  0.00241200
 -0.00506374 -0.00241200    0.00506374 -0.00241200    0.07227361  0.00000000
    1    2
 -0.03284127  0.03089876   -0.00403483  0.00167128   -0.01671888 -0.01085790
 -0.00403483  0.00167128   -0.04507101  0.00137357    0.00414434 -0.01949973
 -0.01671888 -0.01085790    0.00414434 -0.01949973   -0.00368474  0.00152627
    2    1
 -0.03284127 -0.03089876   -0.00403483 -0.00167128   -0.01671888  0.01085790
 -0.00403483 -0.00167128   -0.04507101 -0.00137357    0.00414434  0.01949973
 -0.01671888  0.01085790    0.00414434  0.01949973   -0.00368474 -0.00152627
    2    2
  0.08144515 -0.00000000    0.00023181  0.00279431   -0.00506374 -0.00241200
  0.00023181 -0.00279431    0.08144515  0.00000000    0.00506374 -0.00241200
 -0.00506374  0.00241200    0.00506374  0.00241200    0.07227361  0.00000000

     Diagonalizing the dynamical matrix

     q = (    0.189238088   0.189238088   0.350256303 ) 

 **************************************************************************
     freq (    1) =       1.398861 [THz] =      46.660973 [cm-1]
 (  0.378640  0.241372 -0.438415 -0.097063 -0.119028  0.287358 ) 
 (  0.078100  0.442187  0.078100 -0.442187  0.311034  0.000000 ) 
     freq (    2) =       1.708397 [THz] =      56.985995 [cm-1]
 ( -0.199136  0.390330 -0.135195  0.416815  0.130323 -0.314628 ) 
 ( -0.436824  0.034604 -0.436824 -0.034604  0.340550  0.000000 ) 
     freq (    3) =       2.647594 [THz] =      88.314229 [cm-1]
 ( -0.269180  0.113083  0.110377  0.270300 -0.219671  0.530333 ) 
 ( -0.207485  0.205415 -0.207485 -0.205415 -0.574029  0.000000 ) 
     freq (    4) =       2.987559 [THz] =      99.654230 [cm-1]
 ( -0.221298 -0.057961  0.197466  0.115497 -0.240615  0.580896 ) 
 (  0.031138 -0.226633  0.031138  0.226633  0.628757  0.000000 ) 
     freq (    5) =       3.488050 [THz] =     116.348824 [cm-1]
 ( -0.240123  0.434028 -0.137112  0.476696  0.034062 -0.082232 ) 
 (  0.492880 -0.055749  0.492880  0.055749 -0.089007  0.000000 ) 
     freq (    6) =       3.750996 [THz] =     125.119742 [cm-1]
 (  0.371332  0.291298 -0.468550 -0.056592 -0.089352  0.215714 ) 
 ( -0.127022 -0.454541 -0.127022  0.454541 -0.233488  0.000000 ) 
 **************************************************************************
