Dynamical matrix file
default                                                                    
  1    2  0 11.0001074  1.0000000  0.5402846  0.0000000  0.0000000  0.0000000
Basis vectors
     -0.660543558    0.660543558    0.356881514
      0.660543558   -0.660543558    0.356881514
      0.660543558    0.660543558   -0.356881514
           1  'Sn  '    108197.545983522     
    1    1      0.0000000000      0.0000000000      0.0000000000
    2    1      0.6605435582      0.0000000000      0.1784407572

     Dynamical  Matrix in cartesian axes

     q = (    0.378476176   0.189238088   0.700512607 ) 

    1    1
  0.07885022  0.00000000    0.00000000 -0.00191234    0.00360554 -0.00000000
  0.00000000  0.00191234    0.07703898  0.00000000    0.00000000 -0.00496384
  0.00360554  0.00000000    0.00000000  0.00496384    0.09962854  0.00000000
    1    2
 -0.00391855  0.00000000   -0.00000000  0.00000619   -0.03509975  0.00000000
  0.00000000  0.00000619    0.04152684 -0.00000000   -0.00000000 -0.02381533
 -0.03509975  0.00000000    0.00000000 -0.02381533   -0.00165132  0.00000000
    2    1
 -0.00391855 -0.00000000   -0.00000000 -0.00000619   -0.03509975 -0.00000000
  0.00000000 -0.00000619    0.04152684  0.00000000   -0.00000000  0.02381533
 -0.03509975 -0.00000000   -0.00000000  0.02381533   -0.00165132  0.00000000
    2    2
  0.07885022  0.00000000    0.00000000  0.00191234    0.00360554  0.00000000
  0.00000000 -0.00191234    0.07703898  0.00000000    0.00000000  0.00496384
  0.00360554 -0.00000000    0.00000000 -0.00496384    0.09962854 -0.00000000

     Dynamical  Matrix in cartesian axes

     q = (   -0.378476176  -0.189238088   0.700512607 ) 

    1    1
  0.07885022 -0.00000000   -0.00000000 -0.00191234   -0.00360554  0.00000000
 -0.00000000  0.00191234    0.07703898 -0.00000000   -0.00000000  0.00496384
 -0.00360554 -0.00000000   -0.00000000 -0.00496384    0.09962854  0.00000000
    1    2
  0.00391855  0.00000000   -0.00000000 -0.00000619   -0.03509975 -0.00000000
 -0.00000000 -0.00000619   -0.04152684 -0.00000000   -0.00000000 -0.02381533
 -0.03509975 -0.00000000    0.00000000 -0.02381533    0.00165132  0.00000000
    2    1
  0.00391855 -0.00000000   -0.00000000  0.00000619   -0.03509975  0.00000000
 -0.00000000  0.00000619   -0.04152684  0.00000000    0.00000000  0.02381533
 -0.03509975  0.00000000    0.00000000  0.02381533    0.00165132 -0.00000000
    2    2
  0.07885022  0.00000000   -0.00000000  0.00191234   -0.00360554  0.00000000
 -0.00000000 -0.00191234    0.07703898 -0.00000000   -0.00000000 -0.00496384
 -0.00360554  0.00000000   -0.00000000  0.00496384    0.09962854  0.00000000

     Dynamical  Matrix in cartesian axes

     q = (   -0.189238088  -0.378476176   0.700512607 ) 

    1    1
  0.07703898 -0.00000000   -0.00000000 -0.00191234   -0.00000000 -0.00496384
 -0.00000000  0.00191234    0.07885022  0.00000000   -0.00360554  0.00000000
 -0.00000000  0.00496384   -0.00360554 -0.00000000    0.09962854 -0.00000000
    1    2
 -0.02936391 -0.02936391   -0.00000438  0.00000438   -0.01683998  0.01683998
 -0.00000438  0.00000438    0.00277083  0.00277083   -0.02481927 -0.02481927
 -0.01683998  0.01683998   -0.02481927 -0.02481927    0.00116766  0.00116766
    2    1
 -0.02936391  0.02936391   -0.00000438 -0.00000438   -0.01683998 -0.01683998
 -0.00000438 -0.00000438    0.00277083 -0.00277083   -0.02481927  0.02481927
 -0.01683998 -0.01683998   -0.02481927  0.02481927    0.00116766 -0.00116766
    2    2
  0.07703898 -0.00000000   -0.00000000  0.00191234   -0.00000000  0.00496384
 -0.00000000 -0.00191234    0.07885022 -0.00000000   -0.00360554  0.00000000
 -0.00000000 -0.00496384   -0.00360554 -0.00000000    0.09962854  0.00000000

     Dynamical  Matrix in cartesian axes

     q = (    0.378476176  -0.189238088   0.700512607 ) 

    1    1
  0.07885022  0.00000000    0.00000000  0.00191234    0.00360554  0.00000000
  0.00000000 -0.00191234    0.07703898  0.00000000    0.00000000  0.00496384
  0.00360554 -0.00000000    0.00000000 -0.00496384    0.09962854 -0.00000000
    1    2
 -0.00391855 -0.00000000   -0.00000000 -0.00000619   -0.03509975 -0.00000000
  0.00000000 -0.00000619    0.04152684  0.00000000   -0.00000000  0.02381533
 -0.03509975  0.00000000   -0.00000000  0.02381533   -0.00165132  0.00000000
    2    1
 -0.00391855 -0.00000000    0.00000000  0.00000619   -0.03509975  0.00000000
  0.00000000  0.00000619    0.04152684  0.00000000    0.00000000 -0.02381533
 -0.03509975  0.00000000    0.00000000 -0.02381533   -0.00165132  0.00000000
    2    2
  0.07885022  0.00000000    0.00000000 -0.00191234    0.00360554 -0.00000000
  0.00000000  0.00191234    0.07703898  0.00000000    0.00000000 -0.00496384
  0.00360554  0.00000000    0.00000000  0.00496384    0.09962854  0.00000000

     Dynamical  Matrix in cartesian axes

     q = (    0.189238088   0.378476176   0.700512607 ) 

    1    1
  0.07703898  0.00000000    0.00000000 -0.00191234    0.00000000  0.00496384
  0.00000000  0.00191234    0.07885022  0.00000000    0.00360554  0.00000000
  0.00000000 -0.00496384    0.00360554  0.00000000    0.09962854  0.00000000
    1    2
 -0.02936391  0.02936391    0.00000438  0.00000438   -0.01683998 -0.01683998
  0.00000438  0.00000438    0.00277083 -0.00277083    0.02481927 -0.02481927
 -0.01683998 -0.01683998    0.02481927 -0.02481927    0.00116766 -0.00116766
    2    1
 -0.02936391 -0.02936391    0.00000438 -0.00000438   -0.01683998  0.01683998
  0.00000438 -0.00000438    0.00277083  0.00277083    0.02481927  0.02481927
 -0.01683998  0.01683998    0.02481927  0.02481927    0.00116766  0.00116766
    2    2
  0.07703898  0.00000000    0.00000000  0.00191234    0.00000000 -0.00496384
  0.00000000 -0.00191234    0.07885022  0.00000000    0.00360554  0.00000000
  0.00000000  0.00496384    0.00360554  0.00000000    0.09962854  0.00000000

     Dynamical  Matrix in cartesian axes

     q = (    0.189238088  -0.378476176   0.700512607 ) 

    1    1
  0.07703898 -0.00000000   -0.00000000  0.00191234   -0.00000000  0.00496384
 -0.00000000 -0.00191234    0.07885022 -0.00000000   -0.00360554  0.00000000
 -0.00000000 -0.00496384   -0.00360554 -0.00000000    0.09962854  0.00000000
    1    2
 -0.02936391  0.02936391   -0.00000438 -0.00000438   -0.01683998 -0.01683998
 -0.00000438 -0.00000438    0.00277083 -0.00277083   -0.02481927  0.02481927
 -0.01683998 -0.01683998   -0.02481927  0.02481927    0.00116766 -0.00116766
    2    1
 -0.02936391 -0.02936391   -0.00000438  0.00000438   -0.01683998  0.01683998
 -0.00000438  0.00000438    0.00277083  0.00277083   -0.02481927 -0.02481927
 -0.01683998  0.01683998   -0.02481927 -0.02481927    0.00116766  0.00116766
    2    2
  0.07703898 -0.00000000   -0.00000000 -0.00191234   -0.00000000 -0.00496384
 -0.00000000  0.00191234    0.07885022  0.00000000   -0.00360554  0.00000000
 -0.00000000  0.00496384   -0.00360554 -0.00000000    0.09962854 -0.00000000

     Dynamical  Matrix in cartesian axes

     q = (   -0.189238088   0.378476176   0.700512607 ) 

    1    1
  0.07703898  0.00000000    0.00000000  0.00191234    0.00000000 -0.00496384
  0.00000000 -0.00191234    0.07885022  0.00000000    0.00360554  0.00000000
  0.00000000  0.00496384    0.00360554  0.00000000    0.09962854  0.00000000
    1    2
 -0.02936391 -0.02936391    0.00000438 -0.00000438   -0.01683998  0.01683998
  0.00000438 -0.00000438    0.00277083  0.00277083    0.02481927  0.02481927
 -0.01683998  0.01683998    0.02481927  0.02481927    0.00116766  0.00116766
    2    1
 -0.02936391  0.02936391    0.00000438  0.00000438   -0.01683998 -0.01683998
  0.00000438  0.00000438    0.00277083 -0.00277083    0.02481927 -0.02481927
 -0.01683998 -0.01683998    0.02481927 -0.02481927    0.00116766 -0.00116766
    2    2
  0.07703898  0.00000000    0.00000000 -0.00191234    0.00000000  0.00496384
  0.00000000  0.00191234    0.07885022  0.00000000    0.00360554  0.00000000
  0.00000000 -0.00496384    0.00360554  0.00000000    0.09962854  0.00000000

     Dynamical  Matrix in cartesian axes

     q = (   -0.378476176   0.189238088   0.700512607 ) 

    1    1
  0.07885022  0.00000000   -0.00000000  0.00191234   -0.00360554  0.00000000
 -0.00000000 -0.00191234    0.07703898 -0.00000000   -0.00000000 -0.00496384
 -0.00360554  0.00000000   -0.00000000  0.00496384    0.09962854  0.00000000
    1    2
  0.00391855 -0.00000000   -0.00000000  0.00000619   -0.03509975  0.00000000
 -0.00000000  0.00000619   -0.04152684  0.00000000   -0.00000000  0.02381533
 -0.03509975  0.00000000   -0.00000000  0.02381533    0.00165132 -0.00000000
    2    1
  0.00391855  0.00000000   -0.00000000 -0.00000619   -0.03509975 -0.00000000
 -0.00000000 -0.00000619   -0.04152684 -0.00000000   -0.00000000 -0.02381533
 -0.03509975 -0.00000000   -0.00000000 -0.02381533    0.00165132  0.00000000
    2    2
  0.07885022 -0.00000000   -0.00000000 -0.00191234   -0.00360554  0.00000000
 -0.00000000  0.00191234    0.07703898 -0.00000000   -0.00000000  0.00496384
 -0.00360554 -0.00000000   -0.00000000 -0.00496384    0.09962854  0.00000000

     Diagonalizing the dynamical matrix

     q = (    0.378476176   0.189238088   0.700512607 ) 

 **************************************************************************
     freq (    1) =       1.486004 [THz] =      49.567748 [cm-1]
 (  0.156381  0.000000  0.000000  0.620793  0.300269 -0.000000 ) 
 (  0.156381 -0.000000 -0.000000 -0.620793  0.300269  0.000000 ) 
     freq (    2) =       2.250410 [THz] =      75.065607 [cm-1]
 ( -0.534746  0.000000  0.000000 -0.109712  0.449455 -0.000000 ) 
 (  0.534746 -0.000000  0.000000 -0.109712 -0.449455  0.000000 ) 
     freq (    3) =       2.438781 [THz] =      81.348967 [cm-1]
 ( -0.589278  0.000000  0.000000  0.280221 -0.272446  0.000000 ) 
 ( -0.589278  0.000000 -0.000000 -0.280221 -0.272446  0.000000 ) 
     freq (    4) =       3.304024 [THz] =     110.210381 [cm-1]
 ( -0.329910  0.000000  0.000000  0.572022 -0.252885  0.000000 ) 
 (  0.329910 -0.000000  0.000000  0.572022  0.252885  0.000000 ) 
     freq (    5) =       3.562669 [THz] =     118.837855 [cm-1]
 ( -0.358184  0.000000 -0.000000 -0.189981  0.579320 -0.000000 ) 
 ( -0.358184  0.000000  0.000000  0.189981  0.579320  0.000000 ) 
     freq (    6) =       3.780181 [THz] =     126.093266 [cm-1]
 (  0.324355  0.000000  0.000000  0.400942  0.483776 -0.000000 ) 
 ( -0.324355  0.000000  0.000000  0.400942 -0.483776  0.000000 ) 
 **************************************************************************
