Dynamical matrix file
default                                                                    
  1    2  0 11.0001074  1.0000000  0.5402846  0.0000000  0.0000000  0.0000000
Basis vectors
     -0.660543558    0.660543558    0.356881514
      0.660543558   -0.660543558    0.356881514
      0.660543558    0.660543558   -0.356881514
           1  'Sn  '    108197.545983522     
    1    1      0.0000000000      0.0000000000      0.0000000000
    2    1      0.6605435582      0.0000000000      0.1784407572

     Dynamical  Matrix in cartesian axes

     q = (    0.189238088   0.094619044   0.175128152 ) 

    1    1
  0.08246284  0.00000000    0.00128890 -0.00076613    0.00391214  0.00236484
  0.00128890  0.00076613    0.08238991 -0.00000000    0.00170244 -0.00106832
  0.00391214 -0.00236484    0.00170244  0.00106832    0.03162178  0.00000000
    1    2
 -0.03300764  0.03593778    0.00106040 -0.00121260   -0.00735122 -0.01300362
  0.00106040 -0.00121260   -0.02834561  0.06224502    0.00866287  0.00115993
 -0.00735122 -0.01300362    0.00866287  0.00115993   -0.00469997  0.00425667
    2    1
 -0.03300764 -0.03593778    0.00106040  0.00121260   -0.00735122  0.01300362
  0.00106040  0.00121260   -0.02834561 -0.06224502    0.00866287 -0.00115993
 -0.00735122  0.01300362    0.00866287 -0.00115993   -0.00469997 -0.00425667
    2    2
  0.08246284 -0.00000000    0.00128890  0.00076613    0.00391214 -0.00236484
  0.00128890 -0.00076613    0.08238991  0.00000000    0.00170244  0.00106832
  0.00391214  0.00236484    0.00170244 -0.00106832    0.03162178 -0.00000000

     Dynamical  Matrix in cartesian axes

     q = (    0.189238088  -0.094619044   0.175128152 ) 

    1    1
  0.08246284  0.00000000   -0.00128890  0.00076613    0.00391214  0.00236484
 -0.00128890 -0.00076613    0.08238991  0.00000000   -0.00170244  0.00106832
  0.00391214 -0.00236484   -0.00170244 -0.00106832    0.03162178 -0.00000000
    1    2
 -0.03300764  0.03593778   -0.00106040  0.00121260   -0.00735122 -0.01300362
 -0.00106040  0.00121260   -0.02834561  0.06224502   -0.00866287 -0.00115993
 -0.00735122 -0.01300362   -0.00866287 -0.00115993   -0.00469997  0.00425667
    2    1
 -0.03300764 -0.03593778   -0.00106040 -0.00121260   -0.00735122  0.01300362
 -0.00106040 -0.00121260   -0.02834561 -0.06224502   -0.00866287  0.00115993
 -0.00735122  0.01300362   -0.00866287  0.00115993   -0.00469997 -0.00425667
    2    2
  0.08246284 -0.00000000   -0.00128890 -0.00076613    0.00391214 -0.00236484
 -0.00128890  0.00076613    0.08238991 -0.00000000   -0.00170244 -0.00106832
  0.00391214  0.00236484   -0.00170244  0.00106832    0.03162178  0.00000000

     Dynamical  Matrix in cartesian axes

     q = (    0.094619044   0.189238088   0.175128152 ) 

    1    1
  0.08238991  0.00000000    0.00128890 -0.00076613    0.00170244  0.00106832
  0.00128890  0.00076613    0.08246284 -0.00000000    0.00391214 -0.00236484
  0.00170244 -0.00106832    0.00391214  0.00236484    0.03162178 -0.00000000
    1    2
 -0.06224502  0.02834561    0.00121260 -0.00106040   -0.00115993 -0.00866287
  0.00121260 -0.00106040   -0.03593778  0.03300764    0.01300362  0.00735122
 -0.00115993 -0.00866287    0.01300362  0.00735122   -0.00425667  0.00469997
    2    1
 -0.06224502 -0.02834561    0.00121260  0.00106040   -0.00115993  0.00866287
  0.00121260  0.00106040   -0.03593778 -0.03300764    0.01300362 -0.00735122
 -0.00115993  0.00866287    0.01300362 -0.00735122   -0.00425667 -0.00469997
    2    2
  0.08238991 -0.00000000    0.00128890  0.00076613    0.00170244 -0.00106832
  0.00128890 -0.00076613    0.08246284  0.00000000    0.00391214  0.00236484
  0.00170244  0.00106832    0.00391214 -0.00236484    0.03162178  0.00000000

     Dynamical  Matrix in cartesian axes

     q = (    0.094619044   0.189238088  -0.175128152 ) 

    1    1
  0.08238991 -0.00000000    0.00128890  0.00076613   -0.00170244  0.00106832
  0.00128890 -0.00076613    0.08246284  0.00000000   -0.00391214 -0.00236484
 -0.00170244 -0.00106832   -0.00391214  0.00236484    0.03162178  0.00000000
    1    2
 -0.06405725  0.02397050    0.00160725 -0.00010762   -0.00530538 -0.00694577
  0.00160725 -0.00010762   -0.04875178  0.00207192   -0.00399685  0.01439305
 -0.00530538 -0.00694577   -0.00399685  0.01439305   -0.00633330 -0.00031346
    2    1
 -0.06405725 -0.02397050    0.00160725  0.00010762   -0.00530538  0.00694577
  0.00160725  0.00010762   -0.04875178 -0.00207192   -0.00399685 -0.01439305
 -0.00530538  0.00694577   -0.00399685 -0.01439305   -0.00633330  0.00031346
    2    2
  0.08238991  0.00000000    0.00128890 -0.00076613   -0.00170244 -0.00106832
  0.00128890  0.00076613    0.08246284 -0.00000000   -0.00391214  0.00236484
 -0.00170244  0.00106832   -0.00391214 -0.00236484    0.03162178 -0.00000000

     Dynamical  Matrix in cartesian axes

     q = (   -0.094619044  -0.189238088   0.175128152 ) 

    1    1
  0.08238991  0.00000000    0.00128890 -0.00076613   -0.00170244 -0.00106832
  0.00128890  0.00076613    0.08246284 -0.00000000   -0.00391214  0.00236484
 -0.00170244  0.00106832   -0.00391214 -0.00236484    0.03162178 -0.00000000
    1    2
 -0.06405725 -0.02397050    0.00160725  0.00010762   -0.00530538  0.00694577
  0.00160725  0.00010762   -0.04875178 -0.00207192   -0.00399685 -0.01439305
 -0.00530538  0.00694577   -0.00399685 -0.01439305   -0.00633330  0.00031346
    2    1
 -0.06405725  0.02397050    0.00160725 -0.00010762   -0.00530538 -0.00694577
  0.00160725 -0.00010762   -0.04875178  0.00207192   -0.00399685  0.01439305
 -0.00530538 -0.00694577   -0.00399685  0.01439305   -0.00633330 -0.00031346
    2    2
  0.08238991 -0.00000000    0.00128890  0.00076613   -0.00170244  0.00106832
  0.00128890 -0.00076613    0.08246284  0.00000000   -0.00391214 -0.00236484
 -0.00170244 -0.00106832   -0.00391214  0.00236484    0.03162178  0.00000000

     Dynamical  Matrix in cartesian axes

     q = (   -0.189238088  -0.094619044   0.175128152 ) 

    1    1
  0.08246284  0.00000000    0.00128890 -0.00076613   -0.00391214 -0.00236484
  0.00128890  0.00076613    0.08238991 -0.00000000   -0.00170244  0.00106832
 -0.00391214  0.00236484   -0.00170244 -0.00106832    0.03162178  0.00000000
    1    2
 -0.03593778 -0.03300764    0.00121260  0.00106040   -0.01300362  0.00735122
  0.00121260  0.00106040   -0.06224502 -0.02834561    0.00115993 -0.00866287
 -0.01300362  0.00735122    0.00115993 -0.00866287   -0.00425667 -0.00469997
    2    1
 -0.03593778  0.03300764    0.00121260 -0.00106040   -0.01300362 -0.00735122
  0.00121260 -0.00106040   -0.06224502  0.02834561    0.00115993  0.00866287
 -0.01300362 -0.00735122    0.00115993  0.00866287   -0.00425667  0.00469997
    2    2
  0.08246284 -0.00000000    0.00128890  0.00076613   -0.00391214  0.00236484
  0.00128890 -0.00076613    0.08238991  0.00000000   -0.00170244 -0.00106832
 -0.00391214 -0.00236484   -0.00170244  0.00106832    0.03162178 -0.00000000

     Dynamical  Matrix in cartesian axes

     q = (   -0.094619044  -0.189238088  -0.175128152 ) 

    1    1
  0.08238991 -0.00000000    0.00128890  0.00076613    0.00170244 -0.00106832
  0.00128890 -0.00076613    0.08246284  0.00000000    0.00391214  0.00236484
  0.00170244  0.00106832    0.00391214 -0.00236484    0.03162178  0.00000000
    1    2
 -0.06224502 -0.02834561    0.00121260  0.00106040   -0.00115993  0.00866287
  0.00121260  0.00106040   -0.03593778 -0.03300764    0.01300362 -0.00735122
 -0.00115993  0.00866287    0.01300362 -0.00735122   -0.00425667 -0.00469997
    2    1
 -0.06224502  0.02834561    0.00121260 -0.00106040   -0.00115993 -0.00866287
  0.00121260 -0.00106040   -0.03593778  0.03300764    0.01300362  0.00735122
 -0.00115993 -0.00866287    0.01300362  0.00735122   -0.00425667  0.00469997
    2    2
  0.08238991  0.00000000    0.00128890 -0.00076613    0.00170244  0.00106832
  0.00128890  0.00076613    0.08246284 -0.00000000    0.00391214 -0.00236484
  0.00170244 -0.00106832    0.00391214  0.00236484    0.03162178 -0.00000000

     Dynamical  Matrix in cartesian axes

     q = (   -0.189238088  -0.094619044  -0.175128152 ) 

    1    1
  0.08246284 -0.00000000    0.00128890  0.00076613    0.00391214 -0.00236484
  0.00128890 -0.00076613    0.08238991  0.00000000    0.00170244  0.00106832
  0.00391214  0.00236484    0.00170244 -0.00106832    0.03162178 -0.00000000
    1    2
 -0.03300764 -0.03593778    0.00106040  0.00121260   -0.00735122  0.01300362
  0.00106040  0.00121260   -0.02834561 -0.06224502    0.00866287 -0.00115993
 -0.00735122  0.01300362    0.00866287 -0.00115993   -0.00469997 -0.00425667
    2    1
 -0.03300764  0.03593778    0.00106040 -0.00121260   -0.00735122 -0.01300362
  0.00106040 -0.00121260   -0.02834561  0.06224502    0.00866287  0.00115993
 -0.00735122 -0.01300362    0.00866287  0.00115993   -0.00469997  0.00425667
    2    2
  0.08246284  0.00000000    0.00128890 -0.00076613    0.00391214  0.00236484
  0.00128890  0.00076613    0.08238991 -0.00000000    0.00170244 -0.00106832
  0.00391214 -0.00236484    0.00170244  0.00106832    0.03162178  0.00000000

     Dynamical  Matrix in cartesian axes

     q = (   -0.189238088   0.094619044   0.175128152 ) 

    1    1
  0.08246284  0.00000000   -0.00128890  0.00076613   -0.00391214 -0.00236484
 -0.00128890 -0.00076613    0.08238991 -0.00000000    0.00170244 -0.00106832
 -0.00391214  0.00236484    0.00170244  0.00106832    0.03162178 -0.00000000
    1    2
 -0.03593778 -0.03300764   -0.00121260 -0.00106040   -0.01300362  0.00735122
 -0.00121260 -0.00106040   -0.06224502 -0.02834561   -0.00115993  0.00866287
 -0.01300362  0.00735122   -0.00115993  0.00866287   -0.00425667 -0.00469997
    2    1
 -0.03593778  0.03300764   -0.00121260  0.00106040   -0.01300362 -0.00735122
 -0.00121260  0.00106040   -0.06224502  0.02834561   -0.00115993 -0.00866287
 -0.01300362 -0.00735122   -0.00115993 -0.00866287   -0.00425667  0.00469997
    2    2
  0.08246284 -0.00000000   -0.00128890 -0.00076613   -0.00391214  0.00236484
 -0.00128890  0.00076613    0.08238991  0.00000000    0.00170244  0.00106832
 -0.00391214 -0.00236484    0.00170244 -0.00106832    0.03162178  0.00000000

     Dynamical  Matrix in cartesian axes

     q = (   -0.189238088   0.094619044  -0.175128152 ) 

    1    1
  0.08246284 -0.00000000   -0.00128890 -0.00076613    0.00391214 -0.00236484
 -0.00128890  0.00076613    0.08238991 -0.00000000   -0.00170244 -0.00106832
  0.00391214  0.00236484   -0.00170244  0.00106832    0.03162178  0.00000000
    1    2
 -0.03300764 -0.03593778   -0.00106040 -0.00121260   -0.00735122  0.01300362
 -0.00106040 -0.00121260   -0.02834561 -0.06224502   -0.00866287  0.00115993
 -0.00735122  0.01300362   -0.00866287  0.00115993   -0.00469997 -0.00425667
    2    1
 -0.03300764  0.03593778   -0.00106040  0.00121260   -0.00735122 -0.01300362
 -0.00106040  0.00121260   -0.02834561  0.06224502   -0.00866287 -0.00115993
 -0.00735122 -0.01300362   -0.00866287 -0.00115993   -0.00469997  0.00425667
    2    2
  0.08246284  0.00000000   -0.00128890  0.00076613    0.00391214  0.00236484
 -0.00128890 -0.00076613    0.08238991  0.00000000   -0.00170244  0.00106832
  0.00391214 -0.00236484   -0.00170244 -0.00106832    0.03162178 -0.00000000

     Dynamical  Matrix in cartesian axes

     q = (    0.094619044  -0.189238088   0.175128152 ) 

    1    1
  0.08238991  0.00000000   -0.00128890  0.00076613    0.00170244  0.00106832
 -0.00128890 -0.00076613    0.08246284 -0.00000000   -0.00391214  0.00236484
  0.00170244 -0.00106832   -0.00391214 -0.00236484    0.03162178  0.00000000
    1    2
 -0.06224502  0.02834561   -0.00121260  0.00106040   -0.00115993 -0.00866287
 -0.00121260  0.00106040   -0.03593778  0.03300764   -0.01300362 -0.00735122
 -0.00115993 -0.00866287   -0.01300362 -0.00735122   -0.00425667  0.00469997
    2    1
 -0.06224502 -0.02834561   -0.00121260 -0.00106040   -0.00115993  0.00866287
 -0.00121260 -0.00106040   -0.03593778 -0.03300764   -0.01300362  0.00735122
 -0.00115993  0.00866287   -0.01300362  0.00735122   -0.00425667 -0.00469997
    2    2
  0.08238991 -0.00000000   -0.00128890 -0.00076613    0.00170244 -0.00106832
 -0.00128890  0.00076613    0.08246284  0.00000000   -0.00391214 -0.00236484
  0.00170244  0.00106832   -0.00391214  0.00236484    0.03162178 -0.00000000

     Dynamical  Matrix in cartesian axes

     q = (    0.189238088  -0.094619044  -0.175128152 ) 

    1    1
  0.08246284 -0.00000000   -0.00128890 -0.00076613   -0.00391214  0.00236484
 -0.00128890  0.00076613    0.08238991  0.00000000    0.00170244  0.00106832
 -0.00391214 -0.00236484    0.00170244 -0.00106832    0.03162178  0.00000000
    1    2
 -0.03593778  0.03300764   -0.00121260  0.00106040   -0.01300362 -0.00735122
 -0.00121260  0.00106040   -0.06224502  0.02834561   -0.00115993 -0.00866287
 -0.01300362 -0.00735122   -0.00115993 -0.00866287   -0.00425667  0.00469997
    2    1
 -0.03593778 -0.03300764   -0.00121260 -0.00106040   -0.01300362  0.00735122
 -0.00121260 -0.00106040   -0.06224502 -0.02834561   -0.00115993  0.00866287
 -0.01300362  0.00735122   -0.00115993  0.00866287   -0.00425667 -0.00469997
    2    2
  0.08246284  0.00000000   -0.00128890  0.00076613   -0.00391214 -0.00236484
 -0.00128890 -0.00076613    0.08238991 -0.00000000    0.00170244 -0.00106832
 -0.00391214  0.00236484    0.00170244  0.00106832    0.03162178 -0.00000000

     Dynamical  Matrix in cartesian axes

     q = (   -0.094619044   0.189238088   0.175128152 ) 

    1    1
  0.08238991 -0.00000000   -0.00128890  0.00076613   -0.00170244 -0.00106832
 -0.00128890 -0.00076613    0.08246284 -0.00000000    0.00391214 -0.00236484
 -0.00170244  0.00106832    0.00391214  0.00236484    0.03162178  0.00000000
    1    2
 -0.06405725 -0.02397050   -0.00160725 -0.00010762   -0.00530538  0.00694577
 -0.00160725 -0.00010762   -0.04875178 -0.00207192    0.00399685  0.01439305
 -0.00530538  0.00694577    0.00399685  0.01439305   -0.00633330  0.00031346
    2    1
 -0.06405725  0.02397050   -0.00160725  0.00010762   -0.00530538 -0.00694577
 -0.00160725  0.00010762   -0.04875178  0.00207192    0.00399685 -0.01439305
 -0.00530538 -0.00694577    0.00399685 -0.01439305   -0.00633330 -0.00031346
    2    2
  0.08238991  0.00000000   -0.00128890 -0.00076613   -0.00170244  0.00106832
 -0.00128890  0.00076613    0.08246284  0.00000000    0.00391214  0.00236484
 -0.00170244 -0.00106832    0.00391214 -0.00236484    0.03162178 -0.00000000

     Dynamical  Matrix in cartesian axes

     q = (   -0.094619044   0.189238088  -0.175128152 ) 

    1    1
  0.08238991 -0.00000000   -0.00128890 -0.00076613    0.00170244 -0.00106832
 -0.00128890  0.00076613    0.08246284  0.00000000   -0.00391214 -0.00236484
  0.00170244  0.00106832   -0.00391214  0.00236484    0.03162178 -0.00000000
    1    2
 -0.06224502 -0.02834561   -0.00121260 -0.00106040   -0.00115993  0.00866287
 -0.00121260 -0.00106040   -0.03593778 -0.03300764   -0.01300362  0.00735122
 -0.00115993  0.00866287   -0.01300362  0.00735122   -0.00425667 -0.00469997
    2    1
 -0.06224502  0.02834561   -0.00121260  0.00106040   -0.00115993 -0.00866287
 -0.00121260  0.00106040   -0.03593778  0.03300764   -0.01300362 -0.00735122
 -0.00115993 -0.00866287   -0.01300362 -0.00735122   -0.00425667  0.00469997
    2    2
  0.08238991  0.00000000   -0.00128890  0.00076613    0.00170244  0.00106832
 -0.00128890 -0.00076613    0.08246284 -0.00000000   -0.00391214  0.00236484
  0.00170244 -0.00106832   -0.00391214 -0.00236484    0.03162178  0.00000000

     Dynamical  Matrix in cartesian axes

     q = (    0.189238088   0.094619044  -0.175128152 ) 

    1    1
  0.08246284 -0.00000000    0.00128890  0.00076613   -0.00391214  0.00236484
  0.00128890 -0.00076613    0.08238991  0.00000000   -0.00170244 -0.00106832
 -0.00391214 -0.00236484   -0.00170244  0.00106832    0.03162178 -0.00000000
    1    2
 -0.03593778  0.03300764    0.00121260 -0.00106040   -0.01300362 -0.00735122
  0.00121260 -0.00106040   -0.06224502  0.02834561    0.00115993  0.00866287
 -0.01300362 -0.00735122    0.00115993  0.00866287   -0.00425667  0.00469997
    2    1
 -0.03593778 -0.03300764    0.00121260  0.00106040   -0.01300362  0.00735122
  0.00121260  0.00106040   -0.06224502 -0.02834561    0.00115993 -0.00866287
 -0.01300362  0.00735122    0.00115993 -0.00866287   -0.00425667 -0.00469997
    2    2
  0.08246284  0.00000000    0.00128890 -0.00076613   -0.00391214 -0.00236484
  0.00128890  0.00076613    0.08238991 -0.00000000   -0.00170244  0.00106832
 -0.00391214  0.00236484   -0.00170244 -0.00106832    0.03162178  0.00000000

     Dynamical  Matrix in cartesian axes

     q = (    0.094619044  -0.189238088  -0.175128152 ) 

    1    1
  0.08238991  0.00000000   -0.00128890 -0.00076613   -0.00170244  0.00106832
 -0.00128890  0.00076613    0.08246284  0.00000000    0.00391214  0.00236484
 -0.00170244 -0.00106832    0.00391214 -0.00236484    0.03162178 -0.00000000
    1    2
 -0.06405725  0.02397050   -0.00160725  0.00010762   -0.00530538 -0.00694577
 -0.00160725  0.00010762   -0.04875178  0.00207192    0.00399685 -0.01439305
 -0.00530538 -0.00694577    0.00399685 -0.01439305   -0.00633330 -0.00031346
    2    1
 -0.06405725 -0.02397050   -0.00160725 -0.00010762   -0.00530538  0.00694577
 -0.00160725 -0.00010762   -0.04875178 -0.00207192    0.00399685  0.01439305
 -0.00530538  0.00694577    0.00399685  0.01439305   -0.00633330  0.00031346
    2    2
  0.08238991 -0.00000000   -0.00128890  0.00076613   -0.00170244 -0.00106832
 -0.00128890 -0.00076613    0.08246284 -0.00000000    0.00391214 -0.00236484
 -0.00170244  0.00106832    0.00391214  0.00236484    0.03162178  0.00000000

     Diagonalizing the dynamical matrix

     q = (    0.189238088   0.094619044   0.175128152 ) 

 **************************************************************************
     freq (    1) =       0.882452 [THz] =      29.435421 [cm-1]
 ( -0.196249 -0.091805  0.579050  0.146340  0.018025 -0.309868 ) 
 ( -0.080254 -0.201249  0.112468  0.586571 -0.310392  0.000000 ) 
     freq (    2) =       1.236791 [THz] =      41.254917 [cm-1]
 ( -0.084916  0.401036 -0.053905  0.160539 -0.047305 -0.548674 ) 
 ( -0.392259  0.119050 -0.155315  0.067496  0.550710  0.000000 ) 
     freq (    3) =       1.791688 [THz] =      59.764272 [cm-1]
 ( -0.276238  0.002548 -0.300048  0.147999 -0.519649 -0.204250 ) 
 ( -0.256160 -0.103422 -0.225112 -0.247502 -0.558349  0.000000 ) 
     freq (    4) =       2.323038 [THz] =      77.488220 [cm-1]
 ( -0.246988 -0.392080  0.024089  0.062711 -0.496765  0.184340 ) 
 (  0.095155 -0.453514 -0.000767  0.067174  0.529865  0.000000 ) 
     freq (    5) =       3.640828 [THz] =     121.444936 [cm-1]
 ( -0.476973 -0.514401 -0.031154 -0.034853  0.058601 -0.047626 ) 
 ( -0.045714  0.700016 -0.002195  0.046696  0.075513  0.000000 ) 
     freq (    6) =       3.890534 [THz] =     129.774256 [cm-1]
 ( -0.032233 -0.028680  0.676827  0.194632  0.006340 -0.046071 ) 
 (  0.024019  0.035842 -0.100550 -0.697040  0.046505  0.000000 ) 
 **************************************************************************
