Dynamical matrix file
default                                                                    
  1    2  0 11.0001074  1.0000000  0.5402846  0.0000000  0.0000000  0.0000000
Basis vectors
     -0.660543558    0.660543558    0.356881514
      0.660543558   -0.660543558    0.356881514
      0.660543558    0.660543558   -0.356881514
           1  'Sn  '    108197.545983522     
    1    1      0.0000000000      0.0000000000      0.0000000000
    2    1      0.6605435582      0.0000000000      0.1784407572

     Dynamical  Matrix in cartesian axes

     q = (    0.094619044   0.283857132   0.000000000 ) 

    1    1
  0.08421245  0.00000000    0.00239901 -0.00000000    0.00000000  0.00048082
  0.00239901  0.00000000    0.09635633 -0.00000000    0.00000000 -0.00206261
  0.00000000 -0.00048082    0.00000000  0.00206261    0.01337839  0.00000000
    1    2
 -0.06416746  0.02657903    0.00223324 -0.00092504   -0.00279301 -0.00674292
  0.00223324 -0.00092504   -0.02845115  0.01178485    0.00612116  0.01477778
 -0.00279301 -0.00674292    0.00612116  0.01477778   -0.00475907  0.00197127
    2    1
 -0.06416746 -0.02657903    0.00223324  0.00092504   -0.00279301  0.00674292
  0.00223324  0.00092504   -0.02845115 -0.01178485    0.00612116 -0.01477778
 -0.00279301  0.00674292    0.00612116 -0.01477778   -0.00475907 -0.00197127
    2    2
  0.08421245 -0.00000000    0.00239901  0.00000000    0.00000000 -0.00048082
  0.00239901 -0.00000000    0.09635633  0.00000000    0.00000000  0.00206261
  0.00000000  0.00048082    0.00000000 -0.00206261    0.01337839 -0.00000000

     Dynamical  Matrix in cartesian axes

     q = (   -0.094619044   0.283857132   0.000000000 ) 

    1    1
  0.08421245  0.00000000   -0.00239901  0.00000000   -0.00000000 -0.00048082
 -0.00239901  0.00000000    0.09635633  0.00000000    0.00000000 -0.00206261
  0.00000000  0.00048082    0.00000000  0.00206261    0.01337839  0.00000000
    1    2
 -0.06416746 -0.02657903   -0.00223324 -0.00092504   -0.00279301  0.00674292
 -0.00223324 -0.00092504   -0.02845115 -0.01178485   -0.00612116  0.01477778
 -0.00279301  0.00674292   -0.00612116  0.01477778   -0.00475907 -0.00197127
    2    1
 -0.06416746  0.02657903   -0.00223324  0.00092504   -0.00279301 -0.00674292
 -0.00223324  0.00092504   -0.02845115  0.01178485   -0.00612116 -0.01477778
 -0.00279301 -0.00674292   -0.00612116 -0.01477778   -0.00475907  0.00197127
    2    2
  0.08421245 -0.00000000   -0.00239901 -0.00000000   -0.00000000  0.00048082
 -0.00239901 -0.00000000    0.09635633 -0.00000000    0.00000000  0.00206261
  0.00000000 -0.00048082    0.00000000 -0.00206261    0.01337839 -0.00000000

     Dynamical  Matrix in cartesian axes

     q = (    0.094619044  -0.283857132   0.000000000 ) 

    1    1
  0.08421245 -0.00000000   -0.00239901 -0.00000000   -0.00000000  0.00048082
 -0.00239901 -0.00000000    0.09635633 -0.00000000    0.00000000  0.00206261
  0.00000000 -0.00048082    0.00000000 -0.00206261    0.01337839 -0.00000000
    1    2
 -0.06416746  0.02657903   -0.00223324  0.00092504   -0.00279301 -0.00674292
 -0.00223324  0.00092504   -0.02845115  0.01178485   -0.00612116 -0.01477778
 -0.00279301 -0.00674292   -0.00612116 -0.01477778   -0.00475907  0.00197127
    2    1
 -0.06416746 -0.02657903   -0.00223324 -0.00092504   -0.00279301  0.00674292
 -0.00223324 -0.00092504   -0.02845115 -0.01178485   -0.00612116  0.01477778
 -0.00279301  0.00674292   -0.00612116  0.01477778   -0.00475907 -0.00197127
    2    2
  0.08421245  0.00000000   -0.00239901  0.00000000   -0.00000000 -0.00048082
 -0.00239901  0.00000000    0.09635633  0.00000000    0.00000000 -0.00206261
  0.00000000  0.00048082    0.00000000  0.00206261    0.01337839  0.00000000

     Dynamical  Matrix in cartesian axes

     q = (    0.283857132   0.094619044   0.000000000 ) 

    1    1
  0.09635633  0.00000000    0.00239901 -0.00000000    0.00000000  0.00206261
  0.00239901  0.00000000    0.08421245 -0.00000000    0.00000000 -0.00048082
  0.00000000 -0.00206261    0.00000000  0.00048082    0.01337839  0.00000000
    1    2
 -0.01178485  0.02845115    0.00092504 -0.00223324   -0.01477778 -0.00612116
  0.00092504 -0.00223324   -0.02657903  0.06416746    0.00674292  0.00279301
 -0.01477778 -0.00612116    0.00674292  0.00279301   -0.00197127  0.00475907
    2    1
 -0.01178485 -0.02845115    0.00092504  0.00223324   -0.01477778  0.00612116
  0.00092504  0.00223324   -0.02657903 -0.06416746    0.00674292 -0.00279301
 -0.01477778  0.00612116    0.00674292 -0.00279301   -0.00197127 -0.00475907
    2    2
  0.09635633 -0.00000000    0.00239901  0.00000000    0.00000000 -0.00206261
  0.00239901 -0.00000000    0.08421245  0.00000000    0.00000000  0.00048082
  0.00000000  0.00206261    0.00000000 -0.00048082    0.01337839 -0.00000000

     Dynamical  Matrix in cartesian axes

     q = (    0.283857132  -0.094619044   0.000000000 ) 

    1    1
  0.09635633 -0.00000000   -0.00239901 -0.00000000    0.00000000  0.00206261
 -0.00239901 -0.00000000    0.08421245 -0.00000000    0.00000000  0.00048082
  0.00000000 -0.00206261    0.00000000 -0.00048082    0.01337839  0.00000000
    1    2
 -0.01178485  0.02845115   -0.00092504  0.00223324   -0.01477778 -0.00612116
 -0.00092504  0.00223324   -0.02657903  0.06416746   -0.00674292 -0.00279301
 -0.01477778 -0.00612116   -0.00674292 -0.00279301   -0.00197127  0.00475907
    2    1
 -0.01178485 -0.02845115   -0.00092504 -0.00223324   -0.01477778  0.00612116
 -0.00092504 -0.00223324   -0.02657903 -0.06416746   -0.00674292  0.00279301
 -0.01477778  0.00612116   -0.00674292  0.00279301   -0.00197127 -0.00475907
    2    2
  0.09635633  0.00000000   -0.00239901  0.00000000    0.00000000 -0.00206261
 -0.00239901  0.00000000    0.08421245  0.00000000    0.00000000 -0.00048082
  0.00000000  0.00206261    0.00000000  0.00048082    0.01337839 -0.00000000

     Dynamical  Matrix in cartesian axes

     q = (   -0.283857132   0.094619044   0.000000000 ) 

    1    1
  0.09635633  0.00000000   -0.00239901  0.00000000    0.00000000 -0.00206261
 -0.00239901  0.00000000    0.08421245  0.00000000    0.00000000 -0.00048082
  0.00000000  0.00206261    0.00000000  0.00048082    0.01337839 -0.00000000
    1    2
 -0.01178485 -0.02845115   -0.00092504 -0.00223324   -0.01477778  0.00612116
 -0.00092504 -0.00223324   -0.02657903 -0.06416746   -0.00674292  0.00279301
 -0.01477778  0.00612116   -0.00674292  0.00279301   -0.00197127 -0.00475907
    2    1
 -0.01178485  0.02845115   -0.00092504  0.00223324   -0.01477778 -0.00612116
 -0.00092504  0.00223324   -0.02657903  0.06416746   -0.00674292 -0.00279301
 -0.01477778 -0.00612116   -0.00674292 -0.00279301   -0.00197127  0.00475907
    2    2
  0.09635633 -0.00000000   -0.00239901 -0.00000000    0.00000000  0.00206261
 -0.00239901 -0.00000000    0.08421245 -0.00000000    0.00000000  0.00048082
  0.00000000 -0.00206261    0.00000000 -0.00048082    0.01337839  0.00000000

     Dynamical  Matrix in cartesian axes

     q = (   -0.094619044  -0.283857132   0.000000000 ) 

    1    1
  0.08421245 -0.00000000    0.00239901  0.00000000    0.00000000 -0.00048082
  0.00239901 -0.00000000    0.09635633  0.00000000    0.00000000  0.00206261
  0.00000000  0.00048082    0.00000000 -0.00206261    0.01337839 -0.00000000
    1    2
 -0.06416746 -0.02657903    0.00223324  0.00092504   -0.00279301  0.00674292
  0.00223324  0.00092504   -0.02845115 -0.01178485    0.00612116 -0.01477778
 -0.00279301  0.00674292    0.00612116 -0.01477778   -0.00475907 -0.00197127
    2    1
 -0.06416746  0.02657903    0.00223324 -0.00092504   -0.00279301 -0.00674292
  0.00223324 -0.00092504   -0.02845115  0.01178485    0.00612116  0.01477778
 -0.00279301 -0.00674292    0.00612116  0.01477778   -0.00475907  0.00197127
    2    2
  0.08421245  0.00000000    0.00239901 -0.00000000    0.00000000  0.00048082
  0.00239901  0.00000000    0.09635633 -0.00000000    0.00000000 -0.00206261
  0.00000000 -0.00048082    0.00000000  0.00206261    0.01337839  0.00000000

     Dynamical  Matrix in cartesian axes

     q = (   -0.283857132  -0.094619044   0.000000000 ) 

    1    1
  0.09635633 -0.00000000    0.00239901  0.00000000    0.00000000 -0.00206261
  0.00239901 -0.00000000    0.08421245  0.00000000    0.00000000  0.00048082
  0.00000000  0.00206261    0.00000000 -0.00048082    0.01337839 -0.00000000
    1    2
 -0.01178485 -0.02845115    0.00092504  0.00223324   -0.01477778  0.00612116
  0.00092504  0.00223324   -0.02657903 -0.06416746    0.00674292 -0.00279301
 -0.01477778  0.00612116    0.00674292 -0.00279301   -0.00197127 -0.00475907
    2    1
 -0.01178485  0.02845115    0.00092504 -0.00223324   -0.01477778 -0.00612116
  0.00092504 -0.00223324   -0.02657903  0.06416746    0.00674292  0.00279301
 -0.01477778 -0.00612116    0.00674292  0.00279301   -0.00197127  0.00475907
    2    2
  0.09635633  0.00000000    0.00239901 -0.00000000    0.00000000  0.00206261
  0.00239901  0.00000000    0.08421245 -0.00000000    0.00000000 -0.00048082
  0.00000000 -0.00206261    0.00000000  0.00048082    0.01337839  0.00000000

     Diagonalizing the dynamical matrix

     q = (    0.094619044   0.283857132   0.000000000 ) 

 **************************************************************************
     freq (    1) =       0.675139 [THz] =      22.520218 [cm-1]
 (  0.178652  0.431305 -0.070527 -0.170268 -0.460175  0.190611 ) 
 ( -0.000000  0.466841 -0.000000 -0.184297  0.498090  0.000000 ) 
     freq (    2) =       0.794201 [THz] =      26.491704 [cm-1]
 ( -0.012420 -0.029984  0.030958  0.074740 -0.648299  0.268534 ) 
 (  0.000000  0.032455  0.000000 -0.080898 -0.701714  0.000000 ) 
     freq (    3) =       1.500938 [THz] =      50.065910 [cm-1]
 (  0.202994  0.490071  0.049436  0.119349  0.415166 -0.171967 ) 
 ( -0.000000  0.530449 -0.000000  0.129182 -0.449372  0.000000 ) 
     freq (    4) =       2.679414 [THz] =      89.375637 [cm-1]
 (  0.009998  0.024137  0.256525  0.619307 -0.206526  0.085546 ) 
 (  0.000000  0.026126 -0.000000  0.670333  0.223542  0.000000 ) 
     freq (    5) =       3.588539 [THz] =     119.700773 [cm-1]
 (  0.008561  0.020667  0.268728  0.648766  0.073838 -0.030585 ) 
 ( -0.000000 -0.022370  0.000000 -0.702219  0.079922  0.000000 ) 
     freq (    6) =       3.924924 [THz] =     130.921375 [cm-1]
 ( -0.270177 -0.652266  0.007091  0.017120  0.032141 -0.013313 ) 
 (  0.000000  0.706007  0.000000 -0.018531  0.034790  0.000000 ) 
 **************************************************************************
