Dynamical matrix file
default                                                                    
  1    2  0 11.0001074  1.0000000  0.5402846  0.0000000  0.0000000  0.0000000
Basis vectors
     -0.660543558    0.660543558    0.356881514
      0.660543558   -0.660543558    0.356881514
      0.660543558    0.660543558   -0.356881514
           1  'Sn  '    108197.545983522     
    1    1      0.0000000000      0.0000000000      0.0000000000
    2    1      0.6605435582      0.0000000000      0.1784407572

     Dynamical  Matrix in cartesian axes

     q = (    0.378476176   0.189238088   0.350256303 ) 

    1    1
  0.08762069  0.00000000    0.00310886 -0.00223542    0.00229641 -0.00044015
  0.00310886  0.00223542    0.08565055 -0.00000000    0.00314961 -0.00103538
  0.00229641  0.00044015    0.00314961  0.00103538    0.07323542  0.00000000
    1    2
 -0.00067250  0.00106538    0.00048714 -0.00207643   -0.02682004 -0.00897121
  0.00048714 -0.00207643    0.03501768  0.03654808    0.00980171 -0.01691643
 -0.02682004 -0.00897121    0.00980171 -0.01691643   -0.00182265  0.00233554
    2    1
 -0.00067250 -0.00106538    0.00048714  0.00207643   -0.02682004  0.00897121
  0.00048714  0.00207643    0.03501768 -0.03654808    0.00980171  0.01691643
 -0.02682004  0.00897121    0.00980171  0.01691643   -0.00182265 -0.00233554
    2    2
  0.08762069 -0.00000000    0.00310886  0.00223542    0.00229641  0.00044015
  0.00310886 -0.00223542    0.08565055  0.00000000    0.00314961  0.00103538
  0.00229641 -0.00044015    0.00314961 -0.00103538    0.07323542 -0.00000000

     Dynamical  Matrix in cartesian axes

     q = (    0.378476176  -0.189238088   0.350256303 ) 

    1    1
  0.08762069 -0.00000000   -0.00310886  0.00223542    0.00229641 -0.00044015
 -0.00310886 -0.00223542    0.08565055 -0.00000000   -0.00314961  0.00103538
  0.00229641  0.00044015   -0.00314961 -0.00103538    0.07323542 -0.00000000
    1    2
 -0.00067250  0.00106538   -0.00048714  0.00207643   -0.02682004 -0.00897121
 -0.00048714  0.00207643    0.03501768  0.03654808   -0.00980171  0.01691643
 -0.02682004 -0.00897121   -0.00980171  0.01691643   -0.00182265  0.00233554
    2    1
 -0.00067250 -0.00106538   -0.00048714 -0.00207643   -0.02682004  0.00897121
 -0.00048714 -0.00207643    0.03501768 -0.03654808   -0.00980171 -0.01691643
 -0.02682004  0.00897121   -0.00980171 -0.01691643   -0.00182265 -0.00233554
    2    2
  0.08762069  0.00000000   -0.00310886 -0.00223542    0.00229641  0.00044015
 -0.00310886  0.00223542    0.08565055  0.00000000   -0.00314961 -0.00103538
  0.00229641 -0.00044015   -0.00314961  0.00103538    0.07323542  0.00000000

     Dynamical  Matrix in cartesian axes

     q = (    0.189238088   0.378476176   0.350256303 ) 

    1    1
  0.08565055  0.00000000    0.00310886 -0.00223542    0.00314961  0.00103538
  0.00310886  0.00223542    0.08762069 -0.00000000    0.00229641  0.00044015
  0.00314961 -0.00103538    0.00229641 -0.00044015    0.07323542  0.00000000
    1    2
 -0.03501768  0.03654808   -0.00048714 -0.00207643   -0.00980171 -0.01691643
 -0.00048714 -0.00207643    0.00067250  0.00106538    0.02682004 -0.00897121
 -0.00980171 -0.01691643    0.02682004 -0.00897121    0.00182265  0.00233554
    2    1
 -0.03501768 -0.03654808   -0.00048714  0.00207643   -0.00980171  0.01691643
 -0.00048714  0.00207643    0.00067250 -0.00106538    0.02682004  0.00897121
 -0.00980171  0.01691643    0.02682004  0.00897121    0.00182265 -0.00233554
    2    2
  0.08565055 -0.00000000    0.00310886  0.00223542    0.00314961 -0.00103538
  0.00310886 -0.00223542    0.08762069  0.00000000    0.00229641 -0.00044015
  0.00314961  0.00103538    0.00229641  0.00044015    0.07323542 -0.00000000

     Dynamical  Matrix in cartesian axes

     q = (    0.189238088   0.378476176  -0.350256303 ) 

    1    1
  0.08565055  0.00000000    0.00310886  0.00223542   -0.00314961  0.00103538
  0.00310886 -0.00223542    0.08762069  0.00000000   -0.00229641  0.00044015
 -0.00314961 -0.00103538   -0.00229641 -0.00044015    0.07323542  0.00000000
    1    2
 -0.03654808  0.03501768    0.00207643  0.00048714   -0.01691643 -0.00980171
  0.00207643  0.00048714   -0.00106538 -0.00067250   -0.00897121  0.02682004
 -0.01691643 -0.00980171   -0.00897121  0.02682004   -0.00233554 -0.00182265
    2    1
 -0.03654808 -0.03501768    0.00207643 -0.00048714   -0.01691643  0.00980171
  0.00207643 -0.00048714   -0.00106538  0.00067250   -0.00897121 -0.02682004
 -0.01691643  0.00980171   -0.00897121 -0.02682004   -0.00233554  0.00182265
    2    2
  0.08565055 -0.00000000    0.00310886 -0.00223542   -0.00314961 -0.00103538
  0.00310886  0.00223542    0.08762069 -0.00000000   -0.00229641 -0.00044015
 -0.00314961  0.00103538   -0.00229641  0.00044015    0.07323542 -0.00000000

     Dynamical  Matrix in cartesian axes

     q = (   -0.189238088  -0.378476176   0.350256303 ) 

    1    1
  0.08565055 -0.00000000    0.00310886 -0.00223542   -0.00314961 -0.00103538
  0.00310886  0.00223542    0.08762069 -0.00000000   -0.00229641 -0.00044015
 -0.00314961  0.00103538   -0.00229641  0.00044015    0.07323542 -0.00000000
    1    2
 -0.03654808 -0.03501768    0.00207643 -0.00048714   -0.01691643  0.00980171
  0.00207643 -0.00048714   -0.00106538  0.00067250   -0.00897121 -0.02682004
 -0.01691643  0.00980171   -0.00897121 -0.02682004   -0.00233554  0.00182265
    2    1
 -0.03654808  0.03501768    0.00207643  0.00048714   -0.01691643 -0.00980171
  0.00207643  0.00048714   -0.00106538 -0.00067250   -0.00897121  0.02682004
 -0.01691643 -0.00980171   -0.00897121  0.02682004   -0.00233554 -0.00182265
    2    2
  0.08565055  0.00000000    0.00310886  0.00223542   -0.00314961  0.00103538
  0.00310886 -0.00223542    0.08762069  0.00000000   -0.00229641  0.00044015
 -0.00314961 -0.00103538   -0.00229641 -0.00044015    0.07323542  0.00000000

     Dynamical  Matrix in cartesian axes

     q = (   -0.378476176  -0.189238088   0.350256303 ) 

    1    1
  0.08762069  0.00000000    0.00310886 -0.00223542   -0.00229641  0.00044015
  0.00310886  0.00223542    0.08565055  0.00000000   -0.00314961  0.00103538
 -0.00229641 -0.00044015   -0.00314961 -0.00103538    0.07323542 -0.00000000
    1    2
  0.00067250 -0.00106538   -0.00048714  0.00207643   -0.02682004 -0.00897121
 -0.00048714  0.00207643   -0.03501768 -0.03654808    0.00980171 -0.01691643
 -0.02682004 -0.00897121    0.00980171 -0.01691643    0.00182265 -0.00233554
    2    1
  0.00067250  0.00106538   -0.00048714 -0.00207643   -0.02682004  0.00897121
 -0.00048714 -0.00207643   -0.03501768  0.03654808    0.00980171  0.01691643
 -0.02682004  0.00897121    0.00980171  0.01691643    0.00182265  0.00233554
    2    2
  0.08762069 -0.00000000    0.00310886  0.00223542   -0.00229641 -0.00044015
  0.00310886 -0.00223542    0.08565055 -0.00000000   -0.00314961 -0.00103538
 -0.00229641  0.00044015   -0.00314961  0.00103538    0.07323542  0.00000000

     Dynamical  Matrix in cartesian axes

     q = (   -0.189238088  -0.378476176  -0.350256303 ) 

    1    1
  0.08565055 -0.00000000    0.00310886  0.00223542    0.00314961 -0.00103538
  0.00310886 -0.00223542    0.08762069  0.00000000    0.00229641 -0.00044015
  0.00314961  0.00103538    0.00229641  0.00044015    0.07323542 -0.00000000
    1    2
 -0.03501768 -0.03654808   -0.00048714  0.00207643   -0.00980171  0.01691643
 -0.00048714  0.00207643    0.00067250 -0.00106538    0.02682004  0.00897121
 -0.00980171  0.01691643    0.02682004  0.00897121    0.00182265 -0.00233554
    2    1
 -0.03501768  0.03654808   -0.00048714 -0.00207643   -0.00980171 -0.01691643
 -0.00048714 -0.00207643    0.00067250  0.00106538    0.02682004 -0.00897121
 -0.00980171 -0.01691643    0.02682004 -0.00897121    0.00182265  0.00233554
    2    2
  0.08565055  0.00000000    0.00310886 -0.00223542    0.00314961  0.00103538
  0.00310886  0.00223542    0.08762069 -0.00000000    0.00229641  0.00044015
  0.00314961 -0.00103538    0.00229641 -0.00044015    0.07323542  0.00000000

     Dynamical  Matrix in cartesian axes

     q = (   -0.378476176  -0.189238088  -0.350256303 ) 

    1    1
  0.08762069 -0.00000000    0.00310886  0.00223542    0.00229641  0.00044015
  0.00310886 -0.00223542    0.08565055  0.00000000    0.00314961  0.00103538
  0.00229641 -0.00044015    0.00314961 -0.00103538    0.07323542 -0.00000000
    1    2
 -0.00067250 -0.00106538    0.00048714  0.00207643   -0.02682004  0.00897121
  0.00048714  0.00207643    0.03501768 -0.03654808    0.00980171  0.01691643
 -0.02682004  0.00897121    0.00980171  0.01691643   -0.00182265 -0.00233554
    2    1
 -0.00067250  0.00106538    0.00048714 -0.00207643   -0.02682004 -0.00897121
  0.00048714 -0.00207643    0.03501768  0.03654808    0.00980171 -0.01691643
 -0.02682004 -0.00897121    0.00980171 -0.01691643   -0.00182265  0.00233554
    2    2
  0.08762069  0.00000000    0.00310886 -0.00223542    0.00229641 -0.00044015
  0.00310886  0.00223542    0.08565055 -0.00000000    0.00314961 -0.00103538
  0.00229641  0.00044015    0.00314961  0.00103538    0.07323542  0.00000000

     Dynamical  Matrix in cartesian axes

     q = (   -0.378476176   0.189238088   0.350256303 ) 

    1    1
  0.08762069  0.00000000   -0.00310886  0.00223542   -0.00229641  0.00044015
 -0.00310886 -0.00223542    0.08565055  0.00000000    0.00314961 -0.00103538
 -0.00229641 -0.00044015    0.00314961  0.00103538    0.07323542 -0.00000000
    1    2
  0.00067250 -0.00106538    0.00048714 -0.00207643   -0.02682004 -0.00897121
  0.00048714 -0.00207643   -0.03501768 -0.03654808   -0.00980171  0.01691643
 -0.02682004 -0.00897121   -0.00980171  0.01691643    0.00182265 -0.00233554
    2    1
  0.00067250  0.00106538    0.00048714  0.00207643   -0.02682004  0.00897121
  0.00048714  0.00207643   -0.03501768  0.03654808   -0.00980171 -0.01691643
 -0.02682004  0.00897121   -0.00980171 -0.01691643    0.00182265  0.00233554
    2    2
  0.08762069 -0.00000000   -0.00310886 -0.00223542   -0.00229641 -0.00044015
 -0.00310886  0.00223542    0.08565055 -0.00000000    0.00314961  0.00103538
 -0.00229641  0.00044015    0.00314961 -0.00103538    0.07323542  0.00000000

     Dynamical  Matrix in cartesian axes

     q = (   -0.378476176   0.189238088  -0.350256303 ) 

    1    1
  0.08762069  0.00000000   -0.00310886 -0.00223542    0.00229641  0.00044015
 -0.00310886  0.00223542    0.08565055  0.00000000   -0.00314961 -0.00103538
  0.00229641 -0.00044015   -0.00314961  0.00103538    0.07323542  0.00000000
    1    2
 -0.00067250 -0.00106538   -0.00048714 -0.00207643   -0.02682004  0.00897121
 -0.00048714 -0.00207643    0.03501768 -0.03654808   -0.00980171 -0.01691643
 -0.02682004  0.00897121   -0.00980171 -0.01691643   -0.00182265 -0.00233554
    2    1
 -0.00067250  0.00106538   -0.00048714  0.00207643   -0.02682004 -0.00897121
 -0.00048714  0.00207643    0.03501768  0.03654808   -0.00980171  0.01691643
 -0.02682004 -0.00897121   -0.00980171  0.01691643   -0.00182265  0.00233554
    2    2
  0.08762069 -0.00000000   -0.00310886  0.00223542    0.00229641 -0.00044015
 -0.00310886 -0.00223542    0.08565055 -0.00000000   -0.00314961  0.00103538
  0.00229641  0.00044015   -0.00314961 -0.00103538    0.07323542 -0.00000000

     Dynamical  Matrix in cartesian axes

     q = (    0.189238088  -0.378476176   0.350256303 ) 

    1    1
  0.08565055 -0.00000000   -0.00310886  0.00223542    0.00314961  0.00103538
 -0.00310886 -0.00223542    0.08762069 -0.00000000   -0.00229641 -0.00044015
  0.00314961 -0.00103538   -0.00229641  0.00044015    0.07323542  0.00000000
    1    2
 -0.03501768  0.03654808    0.00048714  0.00207643   -0.00980171 -0.01691643
  0.00048714  0.00207643    0.00067250  0.00106538   -0.02682004  0.00897121
 -0.00980171 -0.01691643   -0.02682004  0.00897121    0.00182265  0.00233554
    2    1
 -0.03501768 -0.03654808    0.00048714 -0.00207643   -0.00980171  0.01691643
  0.00048714 -0.00207643    0.00067250 -0.00106538   -0.02682004 -0.00897121
 -0.00980171  0.01691643   -0.02682004 -0.00897121    0.00182265 -0.00233554
    2    2
  0.08565055  0.00000000   -0.00310886 -0.00223542    0.00314961 -0.00103538
 -0.00310886  0.00223542    0.08762069  0.00000000   -0.00229641  0.00044015
  0.00314961  0.00103538   -0.00229641 -0.00044015    0.07323542 -0.00000000

     Dynamical  Matrix in cartesian axes

     q = (    0.378476176  -0.189238088  -0.350256303 ) 

    1    1
  0.08762069 -0.00000000   -0.00310886 -0.00223542   -0.00229641 -0.00044015
 -0.00310886  0.00223542    0.08565055 -0.00000000    0.00314961  0.00103538
 -0.00229641  0.00044015    0.00314961 -0.00103538    0.07323542  0.00000000
    1    2
  0.00067250  0.00106538    0.00048714  0.00207643   -0.02682004  0.00897121
  0.00048714  0.00207643   -0.03501768  0.03654808   -0.00980171 -0.01691643
 -0.02682004  0.00897121   -0.00980171 -0.01691643    0.00182265  0.00233554
    2    1
  0.00067250 -0.00106538    0.00048714 -0.00207643   -0.02682004 -0.00897121
  0.00048714 -0.00207643   -0.03501768 -0.03654808   -0.00980171  0.01691643
 -0.02682004 -0.00897121   -0.00980171  0.01691643    0.00182265 -0.00233554
    2    2
  0.08762069  0.00000000   -0.00310886  0.00223542   -0.00229641  0.00044015
 -0.00310886 -0.00223542    0.08565055  0.00000000    0.00314961 -0.00103538
 -0.00229641 -0.00044015    0.00314961  0.00103538    0.07323542 -0.00000000

     Dynamical  Matrix in cartesian axes

     q = (   -0.189238088   0.378476176   0.350256303 ) 

    1    1
  0.08565055  0.00000000   -0.00310886  0.00223542   -0.00314961 -0.00103538
 -0.00310886 -0.00223542    0.08762069  0.00000000    0.00229641  0.00044015
 -0.00314961  0.00103538    0.00229641 -0.00044015    0.07323542  0.00000000
    1    2
 -0.03654808 -0.03501768   -0.00207643  0.00048714   -0.01691643  0.00980171
 -0.00207643  0.00048714   -0.00106538  0.00067250    0.00897121  0.02682004
 -0.01691643  0.00980171    0.00897121  0.02682004   -0.00233554  0.00182265
    2    1
 -0.03654808  0.03501768   -0.00207643 -0.00048714   -0.01691643 -0.00980171
 -0.00207643 -0.00048714   -0.00106538 -0.00067250    0.00897121 -0.02682004
 -0.01691643 -0.00980171    0.00897121 -0.02682004   -0.00233554 -0.00182265
    2    2
  0.08565055 -0.00000000   -0.00310886 -0.00223542   -0.00314961  0.00103538
 -0.00310886  0.00223542    0.08762069 -0.00000000    0.00229641 -0.00044015
 -0.00314961 -0.00103538    0.00229641  0.00044015    0.07323542 -0.00000000

     Dynamical  Matrix in cartesian axes

     q = (   -0.189238088   0.378476176  -0.350256303 ) 

    1    1
  0.08565055  0.00000000   -0.00310886 -0.00223542    0.00314961 -0.00103538
 -0.00310886  0.00223542    0.08762069  0.00000000   -0.00229641  0.00044015
  0.00314961  0.00103538   -0.00229641 -0.00044015    0.07323542 -0.00000000
    1    2
 -0.03501768 -0.03654808    0.00048714 -0.00207643   -0.00980171  0.01691643
  0.00048714 -0.00207643    0.00067250 -0.00106538   -0.02682004 -0.00897121
 -0.00980171  0.01691643   -0.02682004 -0.00897121    0.00182265 -0.00233554
    2    1
 -0.03501768  0.03654808    0.00048714  0.00207643   -0.00980171 -0.01691643
  0.00048714  0.00207643    0.00067250  0.00106538   -0.02682004  0.00897121
 -0.00980171 -0.01691643   -0.02682004  0.00897121    0.00182265  0.00233554
    2    2
  0.08565055 -0.00000000   -0.00310886  0.00223542    0.00314961  0.00103538
 -0.00310886 -0.00223542    0.08762069 -0.00000000   -0.00229641 -0.00044015
  0.00314961 -0.00103538   -0.00229641  0.00044015    0.07323542  0.00000000

     Dynamical  Matrix in cartesian axes

     q = (    0.378476176   0.189238088  -0.350256303 ) 

    1    1
  0.08762069 -0.00000000    0.00310886  0.00223542   -0.00229641 -0.00044015
  0.00310886 -0.00223542    0.08565055 -0.00000000   -0.00314961 -0.00103538
 -0.00229641  0.00044015   -0.00314961  0.00103538    0.07323542  0.00000000
    1    2
  0.00067250  0.00106538   -0.00048714 -0.00207643   -0.02682004  0.00897121
 -0.00048714 -0.00207643   -0.03501768  0.03654808    0.00980171  0.01691643
 -0.02682004  0.00897121    0.00980171  0.01691643    0.00182265  0.00233554
    2    1
  0.00067250 -0.00106538   -0.00048714  0.00207643   -0.02682004 -0.00897121
 -0.00048714  0.00207643   -0.03501768 -0.03654808    0.00980171 -0.01691643
 -0.02682004 -0.00897121    0.00980171 -0.01691643    0.00182265 -0.00233554
    2    2
  0.08762069  0.00000000    0.00310886 -0.00223542   -0.00229641  0.00044015
  0.00310886  0.00223542    0.08565055  0.00000000   -0.00314961  0.00103538
 -0.00229641 -0.00044015   -0.00314961 -0.00103538    0.07323542 -0.00000000

     Dynamical  Matrix in cartesian axes

     q = (    0.189238088  -0.378476176  -0.350256303 ) 

    1    1
  0.08565055 -0.00000000   -0.00310886 -0.00223542   -0.00314961  0.00103538
 -0.00310886  0.00223542    0.08762069 -0.00000000    0.00229641 -0.00044015
 -0.00314961 -0.00103538    0.00229641  0.00044015    0.07323542 -0.00000000
    1    2
 -0.03654808  0.03501768   -0.00207643 -0.00048714   -0.01691643 -0.00980171
 -0.00207643 -0.00048714   -0.00106538 -0.00067250    0.00897121 -0.02682004
 -0.01691643 -0.00980171    0.00897121 -0.02682004   -0.00233554 -0.00182265
    2    1
 -0.03654808 -0.03501768   -0.00207643  0.00048714   -0.01691643  0.00980171
 -0.00207643  0.00048714   -0.00106538  0.00067250    0.00897121  0.02682004
 -0.01691643  0.00980171    0.00897121  0.02682004   -0.00233554  0.00182265
    2    2
  0.08565055  0.00000000   -0.00310886  0.00223542   -0.00314961 -0.00103538
 -0.00310886 -0.00223542    0.08762069  0.00000000    0.00229641  0.00044015
 -0.00314961  0.00103538    0.00229641 -0.00044015    0.07323542  0.00000000

     Diagonalizing the dynamical matrix

     q = (    0.378476176   0.189238088   0.350256303 ) 

 **************************************************************************
     freq (    1) =       1.502006 [THz] =      50.101540 [cm-1]
 (  0.142194  0.008314 -0.244984  0.550374  0.341541 -0.011510 ) 
 (  0.141833 -0.013099 -0.263383 -0.541810  0.341735  0.000000 ) 
     freq (    2) =       2.191429 [THz] =      73.098219 [cm-1]
 (  0.399526  0.138930 -0.118658  0.032439 -0.496048 -0.244708 ) 
 ( -0.419764 -0.052161  0.092062  0.081588  0.553124  0.000000 ) 
     freq (    3) =       2.501486 [THz] =      83.440608 [cm-1]
 ( -0.411964 -0.168430 -0.211769  0.263807 -0.349095 -0.256143 ) 
 ( -0.431785 -0.107911 -0.014678 -0.337972 -0.432986  0.000000 ) 
     freq (    4) =       3.259214 [THz] =     108.715686 [cm-1]
 (  0.519630  0.090893 -0.024165 -0.255020  0.260412 -0.297136 ) 
 ( -0.274134  0.450697 -0.175861 -0.186258 -0.395100  0.000000 ) 
     freq (    5) =       3.313785 [THz] =     110.535986 [cm-1]
 ( -0.490911 -0.231699 -0.081330 -0.149188  0.387388 -0.162421 ) 
 ( -0.363139  0.403494 -0.017319  0.169032  0.420060  0.000000 ) 
     freq (    6) =       3.794328 [THz] =     126.565144 [cm-1]
 ( -0.152293 -0.080984  0.343888 -0.542908 -0.222910 -0.086900 ) 
 (  0.171307 -0.020137 -0.123208 -0.630736  0.239250  0.000000 ) 
 **************************************************************************
