Dynamical matrix file
default                                                                    
  1    2  0 11.0001074  1.0000000  0.5402846  0.0000000  0.0000000  0.0000000
Basis vectors
     -0.660543558    0.660543558    0.356881514
      0.660543558   -0.660543558    0.356881514
      0.660543558    0.660543558   -0.356881514
           1  'Sn  '    108197.545983522     
    1    1      0.0000000000      0.0000000000      0.0000000000
    2    1      0.6605435582      0.0000000000      0.1784407572

     Dynamical  Matrix in cartesian axes

     q = (   -0.662333308  -0.189238088  -0.175128152 ) 

    1    1
  0.09426982  0.00000000   -0.00048020  0.00046884   -0.00083174  0.00010282
 -0.00048020 -0.00046884    0.09987793  0.00000000    0.00084672 -0.00042674
 -0.00083174 -0.00010282    0.00084672  0.00042674    0.03467575  0.00000000
    1    2
 -0.07566649  0.02683690    0.00026634 -0.00010936   -0.00480031 -0.00769523
  0.00026634 -0.00010936    0.06501807 -0.00321197   -0.00378748  0.01514550
 -0.00480031 -0.00769523   -0.00378748  0.01514550   -0.00309969 -0.00778280
    2    1
 -0.07566649 -0.02683690    0.00026634  0.00010936   -0.00480031  0.00769523
  0.00026634  0.00010936    0.06501807  0.00321197   -0.00378748 -0.01514550
 -0.00480031  0.00769523   -0.00378748 -0.01514550   -0.00309969  0.00778280
    2    2
  0.09426982 -0.00000000   -0.00048020 -0.00046884   -0.00083174 -0.00010282
 -0.00048020  0.00046884    0.09987793 -0.00000000    0.00084672  0.00042674
 -0.00083174  0.00010282    0.00084672 -0.00042674    0.03467575  0.00000000

     Dynamical  Matrix in cartesian axes

     q = (    0.662333308  -0.189238088  -0.175128152 ) 

    1    1
  0.09426982  0.00000000    0.00048020 -0.00046884    0.00083174 -0.00010282
  0.00048020  0.00046884    0.09987793  0.00000000    0.00084672 -0.00042674
  0.00083174  0.00010282    0.00084672  0.00042674    0.03467575  0.00000000
    1    2
 -0.07248084 -0.03452773   -0.00026566 -0.00011100   -0.00204702  0.00883568
 -0.00026566 -0.00011100    0.04824593  0.04370351   -0.01338763  0.00803133
 -0.00204702  0.00883568   -0.01338763  0.00803133    0.00331146 -0.00769509
    2    1
 -0.07248084  0.03452773   -0.00026566  0.00011100   -0.00204702 -0.00883568
 -0.00026566  0.00011100    0.04824593 -0.04370351   -0.01338763 -0.00803133
 -0.00204702 -0.00883568   -0.01338763 -0.00803133    0.00331146  0.00769509
    2    2
  0.09426982  0.00000000    0.00048020  0.00046884    0.00083174  0.00010282
  0.00048020 -0.00046884    0.09987793  0.00000000    0.00084672  0.00042674
  0.00083174 -0.00010282    0.00084672 -0.00042674    0.03467575 -0.00000000

     Dynamical  Matrix in cartesian axes

     q = (   -0.189238088  -0.662333308  -0.175128152 ) 

    1    1
  0.09987793 -0.00000000   -0.00048020  0.00046884    0.00084672  0.00042674
 -0.00048020 -0.00046884    0.09426982 -0.00000000   -0.00083174 -0.00010282
  0.00084672 -0.00042674   -0.00083174  0.00010282    0.03467575  0.00000000
    1    2
 -0.04370351 -0.04824593   -0.00011100 -0.00026566   -0.00803133  0.01338763
 -0.00011100 -0.00026566    0.03452773  0.07248084    0.00883568 -0.00204702
 -0.00803133  0.01338763    0.00883568 -0.00204702    0.00769509 -0.00331146
    2    1
 -0.04370351  0.04824593   -0.00011100  0.00026566   -0.00803133 -0.01338763
 -0.00011100  0.00026566    0.03452773 -0.07248084    0.00883568  0.00204702
 -0.00803133 -0.01338763    0.00883568  0.00204702    0.00769509  0.00331146
    2    2
  0.09987793  0.00000000   -0.00048020 -0.00046884    0.00084672 -0.00042674
 -0.00048020  0.00046884    0.09426982  0.00000000   -0.00083174  0.00010282
  0.00084672  0.00042674   -0.00083174 -0.00010282    0.03467575  0.00000000

     Dynamical  Matrix in cartesian axes

     q = (    0.662333308   0.189238088  -0.175128152 ) 

    1    1
  0.09426982  0.00000000   -0.00048020  0.00046884    0.00083174 -0.00010282
 -0.00048020 -0.00046884    0.09987793  0.00000000   -0.00084672  0.00042674
  0.00083174  0.00010282   -0.00084672 -0.00042674    0.03467575  0.00000000
    1    2
 -0.07248084 -0.03452773    0.00026566  0.00011100   -0.00204702  0.00883568
  0.00026566  0.00011100    0.04824593  0.04370351    0.01338763 -0.00803133
 -0.00204702  0.00883568    0.01338763 -0.00803133    0.00331146 -0.00769509
    2    1
 -0.07248084  0.03452773    0.00026566 -0.00011100   -0.00204702 -0.00883568
  0.00026566 -0.00011100    0.04824593 -0.04370351    0.01338763  0.00803133
 -0.00204702 -0.00883568    0.01338763  0.00803133    0.00331146  0.00769509
    2    2
  0.09426982 -0.00000000   -0.00048020 -0.00046884    0.00083174  0.00010282
 -0.00048020  0.00046884    0.09987793 -0.00000000   -0.00084672 -0.00042674
  0.00083174 -0.00010282   -0.00084672  0.00042674    0.03467575  0.00000000

     Dynamical  Matrix in cartesian axes

     q = (   -0.662333308   0.189238088  -0.175128152 ) 

    1    1
  0.09426982  0.00000000    0.00048020 -0.00046884   -0.00083174  0.00010282
  0.00048020  0.00046884    0.09987793  0.00000000   -0.00084672  0.00042674
 -0.00083174 -0.00010282   -0.00084672 -0.00042674    0.03467575  0.00000000
    1    2
 -0.07566649  0.02683690   -0.00026634  0.00010936   -0.00480031 -0.00769523
 -0.00026634  0.00010936    0.06501807 -0.00321197    0.00378748 -0.01514550
 -0.00480031 -0.00769523    0.00378748 -0.01514550   -0.00309969 -0.00778280
    2    1
 -0.07566649 -0.02683690   -0.00026634 -0.00010936   -0.00480031  0.00769523
 -0.00026634 -0.00010936    0.06501807  0.00321197    0.00378748  0.01514550
 -0.00480031  0.00769523    0.00378748  0.01514550   -0.00309969  0.00778280
    2    2
  0.09426982  0.00000000    0.00048020  0.00046884   -0.00083174 -0.00010282
  0.00048020 -0.00046884    0.09987793  0.00000000   -0.00084672 -0.00042674
 -0.00083174  0.00010282   -0.00084672  0.00042674    0.03467575 -0.00000000

     Dynamical  Matrix in cartesian axes

     q = (    0.189238088   0.662333308  -0.175128152 ) 

    1    1
  0.09987793 -0.00000000   -0.00048020  0.00046884   -0.00084672 -0.00042674
 -0.00048020 -0.00046884    0.09426982 -0.00000000    0.00083174  0.00010282
 -0.00084672  0.00042674    0.00083174 -0.00010282    0.03467575  0.00000000
    1    2
 -0.04824593  0.04370351   -0.00026566  0.00011100   -0.01338763 -0.00803133
 -0.00026566  0.00011100    0.07248084 -0.03452773    0.00204702  0.00883568
 -0.01338763 -0.00803133    0.00204702  0.00883568   -0.00331146 -0.00769509
    2    1
 -0.04824593 -0.04370351   -0.00026566 -0.00011100   -0.01338763  0.00803133
 -0.00026566 -0.00011100    0.07248084  0.03452773    0.00204702 -0.00883568
 -0.01338763  0.00803133    0.00204702 -0.00883568   -0.00331146  0.00769509
    2    2
  0.09987793  0.00000000   -0.00048020 -0.00046884   -0.00084672  0.00042674
 -0.00048020  0.00046884    0.09426982  0.00000000    0.00083174 -0.00010282
 -0.00084672 -0.00042674    0.00083174  0.00010282    0.03467575  0.00000000

     Dynamical  Matrix in cartesian axes

     q = (   -0.189238088   0.662333308  -0.175128152 ) 

    1    1
  0.09987793  0.00000000    0.00048020 -0.00046884    0.00084672  0.00042674
  0.00048020  0.00046884    0.09426982  0.00000000    0.00083174  0.00010282
  0.00084672 -0.00042674    0.00083174 -0.00010282    0.03467575 -0.00000000
    1    2
 -0.04370351 -0.04824593    0.00011100  0.00026566   -0.00803133  0.01338763
  0.00011100  0.00026566    0.03452773  0.07248084   -0.00883568  0.00204702
 -0.00803133  0.01338763   -0.00883568  0.00204702    0.00769509 -0.00331146
    2    1
 -0.04370351  0.04824593    0.00011100 -0.00026566   -0.00803133 -0.01338763
  0.00011100 -0.00026566    0.03452773 -0.07248084   -0.00883568 -0.00204702
 -0.00803133 -0.01338763   -0.00883568 -0.00204702    0.00769509  0.00331146
    2    2
  0.09987793  0.00000000    0.00048020  0.00046884    0.00084672 -0.00042674
  0.00048020 -0.00046884    0.09426982  0.00000000    0.00083174 -0.00010282
  0.00084672  0.00042674    0.00083174  0.00010282    0.03467575  0.00000000

     Dynamical  Matrix in cartesian axes

     q = (    0.189238088  -0.662333308  -0.175128152 ) 

    1    1
  0.09987793  0.00000000    0.00048020 -0.00046884   -0.00084672 -0.00042674
  0.00048020  0.00046884    0.09426982  0.00000000   -0.00083174 -0.00010282
 -0.00084672  0.00042674   -0.00083174  0.00010282    0.03467575 -0.00000000
    1    2
 -0.04824593  0.04370351    0.00026566 -0.00011100   -0.01338763 -0.00803133
  0.00026566 -0.00011100    0.07248084 -0.03452773   -0.00204702 -0.00883568
 -0.01338763 -0.00803133   -0.00204702 -0.00883568   -0.00331146 -0.00769509
    2    1
 -0.04824593 -0.04370351    0.00026566  0.00011100   -0.01338763  0.00803133
  0.00026566  0.00011100    0.07248084  0.03452773   -0.00204702  0.00883568
 -0.01338763  0.00803133   -0.00204702  0.00883568   -0.00331146  0.00769509
    2    2
  0.09987793  0.00000000    0.00048020  0.00046884   -0.00084672  0.00042674
  0.00048020 -0.00046884    0.09426982  0.00000000   -0.00083174  0.00010282
 -0.00084672 -0.00042674   -0.00083174 -0.00010282    0.03467575  0.00000000

     Dynamical  Matrix in cartesian axes

     q = (    0.662333308   0.189238088   0.175128152 ) 

    1    1
  0.09426982 -0.00000000   -0.00048020 -0.00046884   -0.00083174 -0.00010282
 -0.00048020  0.00046884    0.09987793 -0.00000000    0.00084672  0.00042674
 -0.00083174  0.00010282    0.00084672 -0.00042674    0.03467575  0.00000000
    1    2
 -0.07566649 -0.02683690    0.00026634  0.00010936   -0.00480031  0.00769523
  0.00026634  0.00010936    0.06501807  0.00321197   -0.00378748 -0.01514550
 -0.00480031  0.00769523   -0.00378748 -0.01514550   -0.00309969  0.00778280
    2    1
 -0.07566649  0.02683690    0.00026634 -0.00010936   -0.00480031 -0.00769523
  0.00026634 -0.00010936    0.06501807 -0.00321197   -0.00378748  0.01514550
 -0.00480031 -0.00769523   -0.00378748  0.01514550   -0.00309969 -0.00778280
    2    2
  0.09426982  0.00000000   -0.00048020  0.00046884   -0.00083174  0.00010282
 -0.00048020 -0.00046884    0.09987793  0.00000000    0.00084672 -0.00042674
 -0.00083174 -0.00010282    0.00084672  0.00042674    0.03467575  0.00000000

     Dynamical  Matrix in cartesian axes

     q = (   -0.189238088  -0.662333308   0.175128152 ) 

    1    1
  0.09987793  0.00000000   -0.00048020 -0.00046884   -0.00084672  0.00042674
 -0.00048020  0.00046884    0.09426982  0.00000000    0.00083174 -0.00010282
 -0.00084672 -0.00042674    0.00083174  0.00010282    0.03467575  0.00000000
    1    2
 -0.04824593 -0.04370351   -0.00026566 -0.00011100   -0.01338763  0.00803133
 -0.00026566 -0.00011100    0.07248084  0.03452773    0.00204702 -0.00883568
 -0.01338763  0.00803133    0.00204702 -0.00883568   -0.00331146  0.00769509
    2    1
 -0.04824593  0.04370351   -0.00026566  0.00011100   -0.01338763 -0.00803133
 -0.00026566  0.00011100    0.07248084 -0.03452773    0.00204702  0.00883568
 -0.01338763 -0.00803133    0.00204702  0.00883568   -0.00331146 -0.00769509
    2    2
  0.09987793 -0.00000000   -0.00048020  0.00046884   -0.00084672 -0.00042674
 -0.00048020 -0.00046884    0.09426982 -0.00000000    0.00083174  0.00010282
 -0.00084672  0.00042674    0.00083174 -0.00010282    0.03467575  0.00000000

     Dynamical  Matrix in cartesian axes

     q = (   -0.662333308  -0.189238088   0.175128152 ) 

    1    1
  0.09426982 -0.00000000   -0.00048020 -0.00046884    0.00083174  0.00010282
 -0.00048020  0.00046884    0.09987793 -0.00000000   -0.00084672 -0.00042674
  0.00083174 -0.00010282   -0.00084672  0.00042674    0.03467575  0.00000000
    1    2
 -0.07248084  0.03452773    0.00026566 -0.00011100   -0.00204702 -0.00883568
  0.00026566 -0.00011100    0.04824593 -0.04370351    0.01338763  0.00803133
 -0.00204702 -0.00883568    0.01338763  0.00803133    0.00331146  0.00769509
    2    1
 -0.07248084 -0.03452773    0.00026566  0.00011100   -0.00204702  0.00883568
  0.00026566  0.00011100    0.04824593  0.04370351    0.01338763 -0.00803133
 -0.00204702  0.00883568    0.01338763 -0.00803133    0.00331146 -0.00769509
    2    2
  0.09426982  0.00000000   -0.00048020  0.00046884    0.00083174 -0.00010282
 -0.00048020 -0.00046884    0.09987793  0.00000000   -0.00084672  0.00042674
  0.00083174  0.00010282   -0.00084672 -0.00042674    0.03467575  0.00000000

     Dynamical  Matrix in cartesian axes

     q = (   -0.662333308   0.189238088   0.175128152 ) 

    1    1
  0.09426982  0.00000000    0.00048020  0.00046884    0.00083174  0.00010282
  0.00048020 -0.00046884    0.09987793  0.00000000    0.00084672  0.00042674
  0.00083174 -0.00010282    0.00084672 -0.00042674    0.03467575 -0.00000000
    1    2
 -0.07248084  0.03452773   -0.00026566  0.00011100   -0.00204702 -0.00883568
 -0.00026566  0.00011100    0.04824593 -0.04370351   -0.01338763 -0.00803133
 -0.00204702 -0.00883568   -0.01338763 -0.00803133    0.00331146  0.00769509
    2    1
 -0.07248084 -0.03452773   -0.00026566 -0.00011100   -0.00204702  0.00883568
 -0.00026566 -0.00011100    0.04824593  0.04370351   -0.01338763  0.00803133
 -0.00204702  0.00883568   -0.01338763  0.00803133    0.00331146 -0.00769509
    2    2
  0.09426982  0.00000000    0.00048020 -0.00046884    0.00083174 -0.00010282
  0.00048020  0.00046884    0.09987793  0.00000000    0.00084672 -0.00042674
  0.00083174  0.00010282    0.00084672  0.00042674    0.03467575  0.00000000

     Dynamical  Matrix in cartesian axes

     q = (    0.189238088  -0.662333308   0.175128152 ) 

    1    1
  0.09987793  0.00000000    0.00048020  0.00046884    0.00084672 -0.00042674
  0.00048020 -0.00046884    0.09426982  0.00000000    0.00083174 -0.00010282
  0.00084672  0.00042674    0.00083174  0.00010282    0.03467575  0.00000000
    1    2
 -0.04370351  0.04824593    0.00011100 -0.00026566   -0.00803133 -0.01338763
  0.00011100 -0.00026566    0.03452773 -0.07248084   -0.00883568 -0.00204702
 -0.00803133 -0.01338763   -0.00883568 -0.00204702    0.00769509  0.00331146
    2    1
 -0.04370351 -0.04824593    0.00011100  0.00026566   -0.00803133  0.01338763
  0.00011100  0.00026566    0.03452773  0.07248084   -0.00883568  0.00204702
 -0.00803133  0.01338763   -0.00883568  0.00204702    0.00769509 -0.00331146
    2    2
  0.09987793  0.00000000    0.00048020 -0.00046884    0.00084672  0.00042674
  0.00048020  0.00046884    0.09426982  0.00000000    0.00083174  0.00010282
  0.00084672 -0.00042674    0.00083174 -0.00010282    0.03467575 -0.00000000

     Dynamical  Matrix in cartesian axes

     q = (    0.189238088   0.662333308   0.175128152 ) 

    1    1
  0.09987793  0.00000000   -0.00048020 -0.00046884    0.00084672 -0.00042674
 -0.00048020  0.00046884    0.09426982  0.00000000   -0.00083174  0.00010282
  0.00084672  0.00042674   -0.00083174 -0.00010282    0.03467575  0.00000000
    1    2
 -0.04370351  0.04824593   -0.00011100  0.00026566   -0.00803133 -0.01338763
 -0.00011100  0.00026566    0.03452773 -0.07248084    0.00883568  0.00204702
 -0.00803133 -0.01338763    0.00883568  0.00204702    0.00769509  0.00331146
    2    1
 -0.04370351 -0.04824593   -0.00011100 -0.00026566   -0.00803133  0.01338763
 -0.00011100 -0.00026566    0.03452773  0.07248084    0.00883568 -0.00204702
 -0.00803133  0.01338763    0.00883568 -0.00204702    0.00769509 -0.00331146
    2    2
  0.09987793 -0.00000000   -0.00048020  0.00046884    0.00084672  0.00042674
 -0.00048020 -0.00046884    0.09426982 -0.00000000   -0.00083174 -0.00010282
  0.00084672 -0.00042674   -0.00083174  0.00010282    0.03467575  0.00000000

     Dynamical  Matrix in cartesian axes

     q = (    0.662333308  -0.189238088   0.175128152 ) 

    1    1
  0.09426982  0.00000000    0.00048020  0.00046884   -0.00083174 -0.00010282
  0.00048020 -0.00046884    0.09987793  0.00000000   -0.00084672 -0.00042674
 -0.00083174  0.00010282   -0.00084672  0.00042674    0.03467575 -0.00000000
    1    2
 -0.07566649 -0.02683690   -0.00026634 -0.00010936   -0.00480031  0.00769523
 -0.00026634 -0.00010936    0.06501807  0.00321197    0.00378748  0.01514550
 -0.00480031  0.00769523    0.00378748  0.01514550   -0.00309969  0.00778280
    2    1
 -0.07566649  0.02683690   -0.00026634  0.00010936   -0.00480031 -0.00769523
 -0.00026634  0.00010936    0.06501807 -0.00321197    0.00378748 -0.01514550
 -0.00480031 -0.00769523    0.00378748 -0.01514550   -0.00309969 -0.00778280
    2    2
  0.09426982  0.00000000    0.00048020 -0.00046884   -0.00083174  0.00010282
  0.00048020  0.00046884    0.09987793  0.00000000   -0.00084672  0.00042674
 -0.00083174 -0.00010282   -0.00084672 -0.00042674    0.03467575  0.00000000

     Dynamical  Matrix in cartesian axes

     q = (   -0.189238088   0.662333308   0.175128152 ) 

    1    1
  0.09987793  0.00000000    0.00048020  0.00046884   -0.00084672  0.00042674
  0.00048020 -0.00046884    0.09426982  0.00000000   -0.00083174  0.00010282
 -0.00084672 -0.00042674   -0.00083174 -0.00010282    0.03467575  0.00000000
    1    2
 -0.04824593 -0.04370351    0.00026566  0.00011100   -0.01338763  0.00803133
  0.00026566  0.00011100    0.07248084  0.03452773   -0.00204702  0.00883568
 -0.01338763  0.00803133   -0.00204702  0.00883568   -0.00331146  0.00769509
    2    1
 -0.04824593  0.04370351    0.00026566 -0.00011100   -0.01338763 -0.00803133
  0.00026566 -0.00011100    0.07248084 -0.03452773   -0.00204702 -0.00883568
 -0.01338763 -0.00803133   -0.00204702 -0.00883568   -0.00331146 -0.00769509
    2    2
  0.09987793  0.00000000    0.00048020 -0.00046884   -0.00084672 -0.00042674
  0.00048020  0.00046884    0.09426982  0.00000000   -0.00083174 -0.00010282
 -0.00084672  0.00042674   -0.00083174  0.00010282    0.03467575 -0.00000000

     Diagonalizing the dynamical matrix

     q = (   -0.662333308  -0.189238088  -0.175128152 ) 

 **************************************************************************
     freq (    1) =       0.865951 [THz] =      28.885001 [cm-1]
 ( -0.452415 -0.288933 -0.117413  0.170942 -0.054137 -0.407309 ) 
 ( -0.346022 -0.410402  0.153982 -0.138912 -0.410891  0.000000 ) 
     freq (    2) =       1.382752 [THz] =      46.123651 [cm-1]
 ( -0.421853  0.003882  0.071116 -0.396522  0.367076  0.158093 ) 
 ( -0.385912 -0.170432 -0.091531  0.392312  0.399673  0.000000 ) 
     freq (    3) =       2.027050 [THz] =      67.615105 [cm-1]
 (  0.034146 -0.172657 -0.133193 -0.116398 -0.584442 -0.310100 ) 
 (  0.050762 -0.168522  0.172213 -0.040394  0.661615  0.000000 ) 
     freq (    4) =       2.188155 [THz] =      72.989009 [cm-1]
 ( -0.052173  0.047570  0.052545  0.518053  0.471174 -0.043248 ) 
 ( -0.056302 -0.042602  0.004973 -0.520687  0.473155  0.000000 ) 
     freq (    5) =       4.085548 [THz] =     136.279202 [cm-1]
 ( -0.077013  0.003219  0.121648 -0.687042  0.078513  0.032699 ) 
 (  0.069855  0.032581  0.151852 -0.681004 -0.085050  0.000000 ) 
     freq (    6) =       4.186664 [THz] =     139.652067 [cm-1]
 (  0.427617  0.555972  0.060177 -0.042795 -0.028713  0.041972 ) 
 ( -0.217435 -0.666846  0.069298 -0.025505 -0.050853  0.000000 ) 
 **************************************************************************
