Dynamical matrix file
default                                                                    
  1    2  0 11.0001074  1.0000000  0.5402846  0.0000000  0.0000000  0.0000000
Basis vectors
     -0.660543558    0.660543558    0.356881514
      0.660543558   -0.660543558    0.356881514
      0.660543558    0.660543558   -0.356881514
           1  'Sn  '    108197.545983522     
    1    1      0.0000000000      0.0000000000      0.0000000000
    2    1      0.6605435582      0.0000000000      0.1784407572

     Dynamical  Matrix in cartesian axes

     q = (   -0.662333308  -0.094619044  -0.350256303 ) 

    1    1
  0.08796948 -0.00000000    0.00017116  0.00075682   -0.00050656  0.00059749
  0.00017116 -0.00075682    0.08796948  0.00000000    0.00050656  0.00059749
 -0.00050656 -0.00059749    0.00050656 -0.00059749    0.07565031  0.00000000
    1    2
 -0.07131759  0.02240200    0.00000000  0.00061356   -0.00644552 -0.00933423
 -0.00000000  0.00061356    0.07131759  0.02240200   -0.00644552  0.00933423
 -0.00644552 -0.00933423   -0.00644552  0.00933423   -0.00000000 -0.01231426
    2    1
 -0.07131759 -0.02240200    0.00000000 -0.00061356   -0.00644552  0.00933423
 -0.00000000 -0.00061356    0.07131759 -0.02240200   -0.00644552 -0.00933423
 -0.00644552  0.00933423   -0.00644552 -0.00933423   -0.00000000  0.01231426
    2    2
  0.08796948  0.00000000    0.00017116 -0.00075682   -0.00050656 -0.00059749
  0.00017116  0.00075682    0.08796948 -0.00000000    0.00050656 -0.00059749
 -0.00050656  0.00059749    0.00050656  0.00059749    0.07565031  0.00000000

     Dynamical  Matrix in cartesian axes

     q = (   -0.094619044  -0.662333308  -0.350256303 ) 

    1    1
  0.08796948 -0.00000000    0.00017116  0.00075682    0.00050656 -0.00059749
  0.00017116 -0.00075682    0.08796948  0.00000000   -0.00050656 -0.00059749
  0.00050656  0.00059749   -0.00050656  0.00059749    0.07565031  0.00000000
    1    2
 -0.06626976 -0.03458854   -0.00043386  0.00043386   -0.00204263  0.01115797
 -0.00043386  0.00043386    0.03458854  0.06626976    0.01115797 -0.00204263
 -0.00204263  0.01115797    0.01115797 -0.00204263    0.00870750 -0.00870750
    2    1
 -0.06626976  0.03458854   -0.00043386 -0.00043386   -0.00204263 -0.01115797
 -0.00043386 -0.00043386    0.03458854 -0.06626976    0.01115797  0.00204263
 -0.00204263 -0.01115797    0.01115797  0.00204263    0.00870750  0.00870750
    2    2
  0.08796948  0.00000000    0.00017116 -0.00075682    0.00050656  0.00059749
  0.00017116  0.00075682    0.08796948 -0.00000000   -0.00050656  0.00059749
  0.00050656 -0.00059749   -0.00050656 -0.00059749    0.07565031  0.00000000

     Dynamical  Matrix in cartesian axes

     q = (   -0.662333308   0.094619044  -0.350256303 ) 

    1    1
  0.08796948  0.00000000   -0.00017116 -0.00075682   -0.00050656  0.00059749
 -0.00017116  0.00075682    0.08796948  0.00000000   -0.00050656 -0.00059749
 -0.00050656 -0.00059749   -0.00050656  0.00059749    0.07565031 -0.00000000
    1    2
 -0.07131759  0.02240200    0.00000000 -0.00061356   -0.00644552 -0.00933423
  0.00000000 -0.00061356    0.07131759  0.02240200    0.00644552 -0.00933423
 -0.00644552 -0.00933423    0.00644552 -0.00933423    0.00000000 -0.01231426
    2    1
 -0.07131759 -0.02240200    0.00000000  0.00061356   -0.00644552  0.00933423
  0.00000000  0.00061356    0.07131759 -0.02240200    0.00644552  0.00933423
 -0.00644552  0.00933423    0.00644552  0.00933423    0.00000000  0.01231426
    2    2
  0.08796948  0.00000000   -0.00017116  0.00075682   -0.00050656 -0.00059749
 -0.00017116 -0.00075682    0.08796948  0.00000000   -0.00050656  0.00059749
 -0.00050656  0.00059749   -0.00050656 -0.00059749    0.07565031  0.00000000

     Dynamical  Matrix in cartesian axes

     q = (    0.662333308  -0.094619044  -0.350256303 ) 

    1    1
  0.08796948  0.00000000   -0.00017116 -0.00075682    0.00050656 -0.00059749
 -0.00017116  0.00075682    0.08796948  0.00000000    0.00050656  0.00059749
  0.00050656  0.00059749    0.00050656 -0.00059749    0.07565031  0.00000000
    1    2
 -0.06626976 -0.03458854    0.00043386 -0.00043386   -0.00204263  0.01115797
  0.00043386 -0.00043386    0.03458854  0.06626976   -0.01115797  0.00204263
 -0.00204263  0.01115797   -0.01115797  0.00204263    0.00870750 -0.00870750
    2    1
 -0.06626976  0.03458854    0.00043386  0.00043386   -0.00204263 -0.01115797
  0.00043386  0.00043386    0.03458854 -0.06626976   -0.01115797 -0.00204263
 -0.00204263 -0.01115797   -0.01115797 -0.00204263    0.00870750  0.00870750
    2    2
  0.08796948  0.00000000   -0.00017116  0.00075682    0.00050656  0.00059749
 -0.00017116 -0.00075682    0.08796948  0.00000000    0.00050656 -0.00059749
  0.00050656 -0.00059749    0.00050656  0.00059749    0.07565031 -0.00000000

     Dynamical  Matrix in cartesian axes

     q = (    0.662333308   0.094619044   0.350256303 ) 

    1    1
  0.08796948  0.00000000    0.00017116 -0.00075682   -0.00050656 -0.00059749
  0.00017116  0.00075682    0.08796948 -0.00000000    0.00050656 -0.00059749
 -0.00050656  0.00059749    0.00050656  0.00059749    0.07565031  0.00000000
    1    2
 -0.07131759 -0.02240200    0.00000000 -0.00061356   -0.00644552  0.00933423
 -0.00000000 -0.00061356    0.07131759 -0.02240200   -0.00644552 -0.00933423
 -0.00644552  0.00933423   -0.00644552 -0.00933423   -0.00000000  0.01231426
    2    1
 -0.07131759  0.02240200    0.00000000  0.00061356   -0.00644552 -0.00933423
 -0.00000000  0.00061356    0.07131759  0.02240200   -0.00644552  0.00933423
 -0.00644552 -0.00933423   -0.00644552  0.00933423   -0.00000000 -0.01231426
    2    2
  0.08796948 -0.00000000    0.00017116  0.00075682   -0.00050656  0.00059749
  0.00017116 -0.00075682    0.08796948  0.00000000    0.00050656  0.00059749
 -0.00050656 -0.00059749    0.00050656 -0.00059749    0.07565031  0.00000000

     Dynamical  Matrix in cartesian axes

     q = (   -0.662333308  -0.094619044   0.350256303 ) 

    1    1
  0.08796948  0.00000000    0.00017116 -0.00075682    0.00050656  0.00059749
  0.00017116  0.00075682    0.08796948 -0.00000000   -0.00050656  0.00059749
  0.00050656 -0.00059749   -0.00050656 -0.00059749    0.07565031  0.00000000
    1    2
 -0.06626976  0.03458854   -0.00043386 -0.00043386   -0.00204263 -0.01115797
 -0.00043386 -0.00043386    0.03458854 -0.06626976    0.01115797  0.00204263
 -0.00204263 -0.01115797    0.01115797  0.00204263    0.00870750  0.00870750
    2    1
 -0.06626976 -0.03458854   -0.00043386  0.00043386   -0.00204263  0.01115797
 -0.00043386  0.00043386    0.03458854  0.06626976    0.01115797 -0.00204263
 -0.00204263  0.01115797    0.01115797 -0.00204263    0.00870750 -0.00870750
    2    2
  0.08796948 -0.00000000    0.00017116  0.00075682    0.00050656 -0.00059749
  0.00017116 -0.00075682    0.08796948  0.00000000   -0.00050656 -0.00059749
  0.00050656  0.00059749   -0.00050656  0.00059749    0.07565031  0.00000000

     Dynamical  Matrix in cartesian axes

     q = (   -0.662333308   0.094619044   0.350256303 ) 

    1    1
  0.08796948  0.00000000   -0.00017116  0.00075682    0.00050656  0.00059749
 -0.00017116 -0.00075682    0.08796948  0.00000000    0.00050656 -0.00059749
  0.00050656 -0.00059749    0.00050656  0.00059749    0.07565031 -0.00000000
    1    2
 -0.06626976  0.03458854    0.00043386  0.00043386   -0.00204263 -0.01115797
  0.00043386  0.00043386    0.03458854 -0.06626976   -0.01115797 -0.00204263
 -0.00204263 -0.01115797   -0.01115797 -0.00204263    0.00870750  0.00870750
    2    1
 -0.06626976 -0.03458854    0.00043386 -0.00043386   -0.00204263  0.01115797
  0.00043386 -0.00043386    0.03458854  0.06626976   -0.01115797  0.00204263
 -0.00204263  0.01115797   -0.01115797  0.00204263    0.00870750 -0.00870750
    2    2
  0.08796948  0.00000000   -0.00017116 -0.00075682    0.00050656 -0.00059749
 -0.00017116  0.00075682    0.08796948  0.00000000    0.00050656  0.00059749
  0.00050656  0.00059749    0.00050656 -0.00059749    0.07565031  0.00000000

     Dynamical  Matrix in cartesian axes

     q = (    0.662333308  -0.094619044   0.350256303 ) 

    1    1
  0.08796948  0.00000000   -0.00017116  0.00075682   -0.00050656 -0.00059749
 -0.00017116 -0.00075682    0.08796948  0.00000000   -0.00050656  0.00059749
 -0.00050656  0.00059749   -0.00050656 -0.00059749    0.07565031  0.00000000
    1    2
 -0.07131759 -0.02240200    0.00000000  0.00061356   -0.00644552  0.00933423
  0.00000000  0.00061356    0.07131759 -0.02240200    0.00644552  0.00933423
 -0.00644552  0.00933423    0.00644552  0.00933423   -0.00000000  0.01231426
    2    1
 -0.07131759  0.02240200    0.00000000 -0.00061356   -0.00644552 -0.00933423
  0.00000000 -0.00061356    0.07131759  0.02240200    0.00644552 -0.00933423
 -0.00644552 -0.00933423    0.00644552 -0.00933423   -0.00000000 -0.01231426
    2    2
  0.08796948  0.00000000   -0.00017116 -0.00075682   -0.00050656  0.00059749
 -0.00017116  0.00075682    0.08796948  0.00000000   -0.00050656 -0.00059749
 -0.00050656 -0.00059749   -0.00050656  0.00059749    0.07565031 -0.00000000

     Diagonalizing the dynamical matrix

     q = (   -0.662333308  -0.094619044  -0.350256303 ) 

 **************************************************************************
     freq (    1) =       0.923926 [THz] =      30.818864 [cm-1]
 ( -0.383460 -0.287403 -0.383460  0.287403  0.000000 -0.201780 ) 
 ( -0.287403 -0.383460  0.287403 -0.383460 -0.201780  0.000000 ) 
     freq (    2) =       1.126933 [THz] =      37.590429 [cm-1]
 ( -0.292711  0.403866 -0.292711 -0.403866  0.000000 -0.049248 ) 
 ( -0.403866  0.292711  0.403866  0.292711  0.049248  0.000000 ) 
     freq (    3) =       2.605847 [THz] =      86.921705 [cm-1]
 (  0.131241  0.062402  0.131241 -0.062402 -0.000000 -0.676582 ) 
 (  0.062402  0.131241 -0.062402  0.131241 -0.676582  0.000000 ) 
     freq (    4) =       2.929743 [THz] =      97.725701 [cm-1]
 (  0.091656  0.024098  0.091656 -0.024098 -0.000000 -0.694289 ) 
 ( -0.024098 -0.091656  0.024098 -0.091656  0.694289  0.000000 ) 
     freq (    5) =       4.020943 [THz] =     134.124212 [cm-1]
 (  0.292803 -0.404358  0.292803  0.404358  0.000000  0.039005 ) 
 ( -0.404358  0.292803  0.404358  0.292803  0.039005  0.000000 ) 
     freq (    6) =       4.082621 [THz] =     136.181581 [cm-1]
 ( -0.394867 -0.293788 -0.394867  0.293788  0.000000 -0.124651 ) 
 (  0.293788  0.394867 -0.293788  0.394867  0.124651  0.000000 ) 
 **************************************************************************
