Dynamical matrix file
default                                                                    
  1    2  0 11.0001074  1.0000000  0.5402846  0.0000000  0.0000000  0.0000000
Basis vectors
     -0.660543558    0.660543558    0.356881514
      0.660543558   -0.660543558    0.356881514
      0.660543558    0.660543558   -0.356881514
           1  'Sn  '    108197.545983522     
    1    1      0.0000000000      0.0000000000      0.0000000000
    2    1      0.6605435582      0.0000000000      0.1784407572

     Dynamical  Matrix in cartesian axes

     q = (   -0.567714264  -0.189238088  -0.350256303 ) 

    1    1
  0.09051660 -0.00000000   -0.00111524  0.00155374   -0.00185175  0.00142484
 -0.00111524 -0.00155374    0.09051660  0.00000000    0.00185175  0.00142484
 -0.00185175 -0.00142484    0.00185175 -0.00142484    0.07534239  0.00000000
    1    2
 -0.04195347  0.03623460    0.00030642  0.00073975   -0.01692072 -0.01158463
  0.00030642  0.00073975    0.05528731 -0.00404385   -0.00377319  0.02015632
 -0.01692072 -0.01158463   -0.00377319  0.02015632   -0.00250236 -0.00604122
    2    1
 -0.04195347 -0.03623460    0.00030642 -0.00073975   -0.01692072  0.01158463
  0.00030642 -0.00073975    0.05528731  0.00404385   -0.00377319 -0.02015632
 -0.01692072  0.01158463   -0.00377319 -0.02015632   -0.00250236  0.00604122
    2    2
  0.09051660  0.00000000   -0.00111524 -0.00155374   -0.00185175 -0.00142484
 -0.00111524  0.00155374    0.09051660 -0.00000000    0.00185175 -0.00142484
 -0.00185175  0.00142484    0.00185175  0.00142484    0.07534239  0.00000000

     Dynamical  Matrix in cartesian axes

     q = (    0.567714264   0.189238088  -0.350256303 ) 

    1    1
  0.09051660 -0.00000000   -0.00111524  0.00155374    0.00185175 -0.00142484
 -0.00111524 -0.00155374    0.09051660  0.00000000   -0.00185175 -0.00142484
  0.00185175  0.00142484   -0.00185175  0.00142484    0.07534239  0.00000000
    1    2
 -0.03623460 -0.04195347   -0.00073975  0.00030642   -0.01158463  0.01692072
 -0.00073975  0.00030642    0.00404385  0.05528731    0.02015632  0.00377319
 -0.01158463  0.01692072    0.02015632  0.00377319    0.00604122 -0.00250236
    2    1
 -0.03623460  0.04195347   -0.00073975 -0.00030642   -0.01158463 -0.01692072
 -0.00073975 -0.00030642    0.00404385 -0.05528731    0.02015632 -0.00377319
 -0.01158463 -0.01692072    0.02015632 -0.00377319    0.00604122  0.00250236
    2    2
  0.09051660  0.00000000   -0.00111524 -0.00155374    0.00185175  0.00142484
 -0.00111524  0.00155374    0.09051660 -0.00000000   -0.00185175  0.00142484
  0.00185175 -0.00142484   -0.00185175 -0.00142484    0.07534239  0.00000000

     Dynamical  Matrix in cartesian axes

     q = (    0.567714264  -0.189238088   0.350256303 ) 

    1    1
  0.09051660  0.00000000    0.00111524  0.00155374   -0.00185175 -0.00142484
  0.00111524 -0.00155374    0.09051660 -0.00000000   -0.00185175  0.00142484
 -0.00185175  0.00142484   -0.00185175 -0.00142484    0.07534239 -0.00000000
    1    2
 -0.04195347 -0.03623460   -0.00030642  0.00073975   -0.01692072  0.01158463
 -0.00030642  0.00073975    0.05528731  0.00404385    0.00377319  0.02015632
 -0.01692072  0.01158463    0.00377319  0.02015632   -0.00250236  0.00604122
    2    1
 -0.04195347  0.03623460   -0.00030642 -0.00073975   -0.01692072 -0.01158463
 -0.00030642 -0.00073975    0.05528731 -0.00404385    0.00377319 -0.02015632
 -0.01692072 -0.01158463    0.00377319 -0.02015632   -0.00250236 -0.00604122
    2    2
  0.09051660 -0.00000000    0.00111524 -0.00155374   -0.00185175  0.00142484
  0.00111524  0.00155374    0.09051660  0.00000000   -0.00185175 -0.00142484
 -0.00185175 -0.00142484   -0.00185175  0.00142484    0.07534239  0.00000000

     Dynamical  Matrix in cartesian axes

     q = (   -0.567714264   0.189238088  -0.350256303 ) 

    1    1
  0.09051660 -0.00000000    0.00111524 -0.00155374   -0.00185175  0.00142484
  0.00111524  0.00155374    0.09051660  0.00000000   -0.00185175 -0.00142484
 -0.00185175 -0.00142484   -0.00185175  0.00142484    0.07534239  0.00000000
    1    2
 -0.04195347  0.03623460   -0.00030642 -0.00073975   -0.01692072 -0.01158463
 -0.00030642 -0.00073975    0.05528731 -0.00404385    0.00377319 -0.02015632
 -0.01692072 -0.01158463    0.00377319 -0.02015632   -0.00250236 -0.00604122
    2    1
 -0.04195347 -0.03623460   -0.00030642  0.00073975   -0.01692072  0.01158463
 -0.00030642  0.00073975    0.05528731  0.00404385    0.00377319  0.02015632
 -0.01692072  0.01158463    0.00377319  0.02015632   -0.00250236  0.00604122
    2    2
  0.09051660  0.00000000    0.00111524  0.00155374   -0.00185175 -0.00142484
  0.00111524 -0.00155374    0.09051660 -0.00000000   -0.00185175  0.00142484
 -0.00185175  0.00142484   -0.00185175 -0.00142484    0.07534239 -0.00000000

     Dynamical  Matrix in cartesian axes

     q = (   -0.189238088   0.567714264  -0.350256303 ) 

    1    1
  0.09051660 -0.00000000    0.00111524 -0.00155374    0.00185175 -0.00142484
  0.00111524  0.00155374    0.09051660  0.00000000    0.00185175  0.00142484
  0.00185175  0.00142484    0.00185175 -0.00142484    0.07534239 -0.00000000
    1    2
 -0.03623460 -0.04195347    0.00073975 -0.00030642   -0.01158463  0.01692072
  0.00073975 -0.00030642    0.00404385  0.05528731   -0.02015632 -0.00377319
 -0.01158463  0.01692072   -0.02015632 -0.00377319    0.00604122 -0.00250236
    2    1
 -0.03623460  0.04195347    0.00073975  0.00030642   -0.01158463 -0.01692072
  0.00073975  0.00030642    0.00404385 -0.05528731   -0.02015632  0.00377319
 -0.01158463 -0.01692072   -0.02015632  0.00377319    0.00604122  0.00250236
    2    2
  0.09051660  0.00000000    0.00111524  0.00155374    0.00185175  0.00142484
  0.00111524 -0.00155374    0.09051660 -0.00000000    0.00185175 -0.00142484
  0.00185175 -0.00142484    0.00185175  0.00142484    0.07534239  0.00000000

     Dynamical  Matrix in cartesian axes

     q = (    0.567714264   0.189238088   0.350256303 ) 

    1    1
  0.09051660  0.00000000   -0.00111524 -0.00155374   -0.00185175 -0.00142484
 -0.00111524  0.00155374    0.09051660 -0.00000000    0.00185175 -0.00142484
 -0.00185175  0.00142484    0.00185175  0.00142484    0.07534239  0.00000000
    1    2
 -0.04195347 -0.03623460    0.00030642 -0.00073975   -0.01692072  0.01158463
  0.00030642 -0.00073975    0.05528731  0.00404385   -0.00377319 -0.02015632
 -0.01692072  0.01158463   -0.00377319 -0.02015632   -0.00250236  0.00604122
    2    1
 -0.04195347  0.03623460    0.00030642  0.00073975   -0.01692072 -0.01158463
  0.00030642  0.00073975    0.05528731 -0.00404385   -0.00377319  0.02015632
 -0.01692072 -0.01158463   -0.00377319  0.02015632   -0.00250236 -0.00604122
    2    2
  0.09051660 -0.00000000   -0.00111524  0.00155374   -0.00185175  0.00142484
 -0.00111524 -0.00155374    0.09051660  0.00000000    0.00185175  0.00142484
 -0.00185175 -0.00142484    0.00185175 -0.00142484    0.07534239  0.00000000

     Dynamical  Matrix in cartesian axes

     q = (    0.189238088   0.567714264   0.350256303 ) 

    1    1
  0.09051660  0.00000000   -0.00111524 -0.00155374    0.00185175  0.00142484
 -0.00111524  0.00155374    0.09051660 -0.00000000   -0.00185175  0.00142484
  0.00185175 -0.00142484   -0.00185175 -0.00142484    0.07534239  0.00000000
    1    2
 -0.03623460  0.04195347   -0.00073975 -0.00030642   -0.01158463 -0.01692072
 -0.00073975 -0.00030642    0.00404385 -0.05528731    0.02015632 -0.00377319
 -0.01158463 -0.01692072    0.02015632 -0.00377319    0.00604122  0.00250236
    2    1
 -0.03623460 -0.04195347   -0.00073975  0.00030642   -0.01158463  0.01692072
 -0.00073975  0.00030642    0.00404385  0.05528731    0.02015632  0.00377319
 -0.01158463  0.01692072    0.02015632  0.00377319    0.00604122 -0.00250236
    2    2
  0.09051660 -0.00000000   -0.00111524  0.00155374    0.00185175 -0.00142484
 -0.00111524 -0.00155374    0.09051660  0.00000000   -0.00185175 -0.00142484
  0.00185175  0.00142484   -0.00185175  0.00142484    0.07534239  0.00000000

     Dynamical  Matrix in cartesian axes

     q = (   -0.567714264   0.189238088   0.350256303 ) 

    1    1
  0.09051660  0.00000000    0.00111524  0.00155374    0.00185175  0.00142484
  0.00111524 -0.00155374    0.09051660 -0.00000000    0.00185175 -0.00142484
  0.00185175 -0.00142484    0.00185175  0.00142484    0.07534239  0.00000000
    1    2
 -0.03623460  0.04195347    0.00073975  0.00030642   -0.01158463 -0.01692072
  0.00073975  0.00030642    0.00404385 -0.05528731   -0.02015632  0.00377319
 -0.01158463 -0.01692072   -0.02015632  0.00377319    0.00604122  0.00250236
    2    1
 -0.03623460 -0.04195347    0.00073975 -0.00030642   -0.01158463  0.01692072
  0.00073975 -0.00030642    0.00404385  0.05528731   -0.02015632 -0.00377319
 -0.01158463  0.01692072   -0.02015632 -0.00377319    0.00604122 -0.00250236
    2    2
  0.09051660 -0.00000000    0.00111524 -0.00155374    0.00185175 -0.00142484
  0.00111524  0.00155374    0.09051660  0.00000000    0.00185175  0.00142484
  0.00185175  0.00142484    0.00185175 -0.00142484    0.07534239 -0.00000000

     Diagonalizing the dynamical matrix

     q = (   -0.567714264  -0.189238088  -0.350256303 ) 

 **************************************************************************
     freq (    1) =       1.319672 [THz] =      44.019526 [cm-1]
 ( -0.413297 -0.116263 -0.210034  0.374456 -0.138686 -0.334818 ) 
 ( -0.265575 -0.337345  0.265575 -0.337345 -0.362404  0.000000 ) 
     freq (    2) =       1.812340 [THz] =      60.453157 [cm-1]
 ( -0.098782  0.479494 -0.408903 -0.269203 -0.055000 -0.132781 ) 
 ( -0.405192  0.274757  0.405192  0.274757  0.143721  0.000000 ) 
     freq (    3) =       2.755384 [THz] =      91.909706 [cm-1]
 (  0.175346 -0.062238  0.167998 -0.079980 -0.251164 -0.606364 ) 
 ( -0.009602 -0.185816  0.009602 -0.185816  0.656323  0.000000 ) 
     freq (    4) =       2.911877 [THz] =      97.129770 [cm-1]
 (  0.268413 -0.026151  0.208288 -0.171305 -0.227863 -0.550109 ) 
 (  0.078557  0.257989 -0.078557  0.257989 -0.595434  0.000000 ) 
     freq (    5) =       3.822374 [THz] =     127.500664 [cm-1]
 ( -0.084499  0.485591 -0.403115 -0.283615 -0.045476 -0.109790 ) 
 (  0.416292 -0.263895 -0.416292 -0.263895 -0.118836  0.000000 ) 
     freq (    6) =       3.947526 [THz] =     131.675294 [cm-1]
 (  0.457707  0.127328  0.233614 -0.413682  0.084350  0.203639 ) 
 ( -0.292792 -0.374140  0.292792 -0.374140 -0.220418  0.000000 ) 
 **************************************************************************
