Dynamical matrix file
default                                                                    
  1    2  0 11.0001074  1.0000000  0.5402846  0.0000000  0.0000000  0.0000000
Basis vectors
     -0.660543558    0.660543558    0.356881514
      0.660543558   -0.660543558    0.356881514
      0.660543558    0.660543558   -0.356881514
           1  'Sn  '    108197.545983522     
    1    1      0.0000000000      0.0000000000      0.0000000000
    2    1      0.6605435582      0.0000000000      0.1784407572

     Dynamical  Matrix in cartesian axes

     q = (    0.473095220   0.283857132   0.700512607 ) 

    1    1
  0.07490295  0.00000000    0.00028172 -0.00309109    0.00121712 -0.00356623
  0.00028172  0.00309109    0.07490295  0.00000000   -0.00121712 -0.00356623
  0.00121712  0.00356623   -0.00121712  0.00356623    0.09649088  0.00000000
    1    2
 -0.00830784 -0.01708953    0.00122177 -0.00294961   -0.02829917  0.01233587
  0.00122177 -0.00294961    0.01795865 -0.00620959   -0.01128776 -0.02873331
 -0.02829917  0.01233587   -0.01128776 -0.02873331   -0.00023884  0.00057660
    2    1
 -0.00830784  0.01708953    0.00122177  0.00294961   -0.02829917 -0.01233587
  0.00122177  0.00294961    0.01795865  0.00620959   -0.01128776  0.02873331
 -0.02829917 -0.01233587   -0.01128776  0.02873331   -0.00023884 -0.00057660
    2    2
  0.07490295  0.00000000    0.00028172  0.00309109    0.00121712  0.00356623
  0.00028172 -0.00309109    0.07490295  0.00000000   -0.00121712  0.00356623
  0.00121712 -0.00356623   -0.00121712 -0.00356623    0.09649088  0.00000000

     Dynamical  Matrix in cartesian axes

     q = (   -0.473095220  -0.283857132   0.700512607 ) 

    1    1
  0.07490295  0.00000000    0.00028172 -0.00309109   -0.00121712  0.00356623
  0.00028172  0.00309109    0.07490295  0.00000000    0.00121712  0.00356623
 -0.00121712 -0.00356623    0.00121712 -0.00356623    0.09649088  0.00000000
    1    2
 -0.00620959  0.01795865   -0.00294961  0.00122177   -0.02873331 -0.01128776
 -0.00294961  0.00122177   -0.01708953 -0.00830784    0.01233587 -0.02829917
 -0.02873331 -0.01128776    0.01233587 -0.02829917    0.00057660 -0.00023884
    2    1
 -0.00620959 -0.01795865   -0.00294961 -0.00122177   -0.02873331  0.01128776
 -0.00294961 -0.00122177   -0.01708953  0.00830784    0.01233587  0.02829917
 -0.02873331  0.01128776    0.01233587  0.02829917    0.00057660  0.00023884
    2    2
  0.07490295  0.00000000    0.00028172  0.00309109   -0.00121712 -0.00356623
  0.00028172 -0.00309109    0.07490295  0.00000000    0.00121712 -0.00356623
 -0.00121712  0.00356623    0.00121712  0.00356623    0.09649088  0.00000000

     Dynamical  Matrix in cartesian axes

     q = (   -0.473095220   0.283857132  -0.700512607 ) 

    1    1
  0.07490295  0.00000000   -0.00028172 -0.00309109    0.00121712  0.00356623
 -0.00028172  0.00309109    0.07490295  0.00000000    0.00121712 -0.00356623
  0.00121712 -0.00356623    0.00121712  0.00356623    0.09649088  0.00000000
    1    2
 -0.00830784  0.01708953   -0.00122177 -0.00294961   -0.02829917 -0.01233587
 -0.00122177 -0.00294961    0.01795865  0.00620959    0.01128776 -0.02873331
 -0.02829917 -0.01233587    0.01128776 -0.02873331   -0.00023884 -0.00057660
    2    1
 -0.00830784 -0.01708953   -0.00122177  0.00294961   -0.02829917  0.01233587
 -0.00122177  0.00294961    0.01795865 -0.00620959    0.01128776  0.02873331
 -0.02829917  0.01233587    0.01128776  0.02873331   -0.00023884  0.00057660
    2    2
  0.07490295  0.00000000   -0.00028172  0.00309109    0.00121712 -0.00356623
 -0.00028172 -0.00309109    0.07490295  0.00000000    0.00121712  0.00356623
  0.00121712  0.00356623    0.00121712 -0.00356623    0.09649088  0.00000000

     Dynamical  Matrix in cartesian axes

     q = (    0.473095220  -0.283857132   0.700512607 ) 

    1    1
  0.07490295  0.00000000   -0.00028172  0.00309109    0.00121712 -0.00356623
 -0.00028172 -0.00309109    0.07490295  0.00000000    0.00121712  0.00356623
  0.00121712  0.00356623    0.00121712 -0.00356623    0.09649088  0.00000000
    1    2
 -0.00830784 -0.01708953   -0.00122177  0.00294961   -0.02829917  0.01233587
 -0.00122177  0.00294961    0.01795865 -0.00620959    0.01128776  0.02873331
 -0.02829917  0.01233587    0.01128776  0.02873331   -0.00023884  0.00057660
    2    1
 -0.00830784  0.01708953   -0.00122177 -0.00294961   -0.02829917 -0.01233587
 -0.00122177 -0.00294961    0.01795865  0.00620959    0.01128776 -0.02873331
 -0.02829917 -0.01233587    0.01128776 -0.02873331   -0.00023884 -0.00057660
    2    2
  0.07490295  0.00000000   -0.00028172 -0.00309109    0.00121712  0.00356623
 -0.00028172  0.00309109    0.07490295  0.00000000    0.00121712 -0.00356623
  0.00121712 -0.00356623    0.00121712  0.00356623    0.09649088  0.00000000

     Dynamical  Matrix in cartesian axes

     q = (    0.283857132  -0.473095220   0.700512607 ) 

    1    1
  0.07490295  0.00000000   -0.00028172  0.00309109   -0.00121712  0.00356623
 -0.00028172 -0.00309109    0.07490295  0.00000000   -0.00121712 -0.00356623
 -0.00121712 -0.00356623   -0.00121712  0.00356623    0.09649088  0.00000000
    1    2
 -0.00620959  0.01795865    0.00294961 -0.00122177   -0.02873331 -0.01128776
  0.00294961 -0.00122177   -0.01708953 -0.00830784   -0.01233587  0.02829917
 -0.02873331 -0.01128776   -0.01233587  0.02829917    0.00057660 -0.00023884
    2    1
 -0.00620959 -0.01795865    0.00294961  0.00122177   -0.02873331  0.01128776
  0.00294961  0.00122177   -0.01708953  0.00830784   -0.01233587 -0.02829917
 -0.02873331  0.01128776   -0.01233587 -0.02829917    0.00057660  0.00023884
    2    2
  0.07490295  0.00000000   -0.00028172 -0.00309109   -0.00121712 -0.00356623
 -0.00028172  0.00309109    0.07490295  0.00000000   -0.00121712  0.00356623
 -0.00121712  0.00356623   -0.00121712 -0.00356623    0.09649088  0.00000000

     Dynamical  Matrix in cartesian axes

     q = (   -0.473095220  -0.283857132  -0.700512607 ) 

    1    1
  0.07490295  0.00000000    0.00028172  0.00309109    0.00121712  0.00356623
  0.00028172 -0.00309109    0.07490295  0.00000000   -0.00121712  0.00356623
  0.00121712 -0.00356623   -0.00121712 -0.00356623    0.09649088  0.00000000
    1    2
 -0.00830784  0.01708953    0.00122177  0.00294961   -0.02829917 -0.01233587
  0.00122177  0.00294961    0.01795865  0.00620959   -0.01128776  0.02873331
 -0.02829917 -0.01233587   -0.01128776  0.02873331   -0.00023884 -0.00057660
    2    1
 -0.00830784 -0.01708953    0.00122177 -0.00294961   -0.02829917  0.01233587
  0.00122177 -0.00294961    0.01795865 -0.00620959   -0.01128776 -0.02873331
 -0.02829917  0.01233587   -0.01128776 -0.02873331   -0.00023884  0.00057660
    2    2
  0.07490295  0.00000000    0.00028172 -0.00309109    0.00121712 -0.00356623
  0.00028172  0.00309109    0.07490295  0.00000000   -0.00121712 -0.00356623
  0.00121712  0.00356623   -0.00121712  0.00356623    0.09649088  0.00000000

     Dynamical  Matrix in cartesian axes

     q = (   -0.283857132  -0.473095220  -0.700512607 ) 

    1    1
  0.07490295  0.00000000    0.00028172  0.00309109   -0.00121712 -0.00356623
  0.00028172 -0.00309109    0.07490295  0.00000000    0.00121712 -0.00356623
 -0.00121712  0.00356623    0.00121712  0.00356623    0.09649088  0.00000000
    1    2
 -0.00620959 -0.01795865   -0.00294961 -0.00122177   -0.02873331  0.01128776
 -0.00294961 -0.00122177   -0.01708953  0.00830784    0.01233587  0.02829917
 -0.02873331  0.01128776    0.01233587  0.02829917    0.00057660  0.00023884
    2    1
 -0.00620959  0.01795865   -0.00294961  0.00122177   -0.02873331 -0.01128776
 -0.00294961  0.00122177   -0.01708953 -0.00830784    0.01233587 -0.02829917
 -0.02873331 -0.01128776    0.01233587 -0.02829917    0.00057660 -0.00023884
    2    2
  0.07490295  0.00000000    0.00028172 -0.00309109   -0.00121712  0.00356623
  0.00028172  0.00309109    0.07490295  0.00000000    0.00121712  0.00356623
 -0.00121712 -0.00356623    0.00121712 -0.00356623    0.09649088  0.00000000

     Dynamical  Matrix in cartesian axes

     q = (    0.473095220  -0.283857132  -0.700512607 ) 

    1    1
  0.07490295  0.00000000   -0.00028172 -0.00309109   -0.00121712 -0.00356623
 -0.00028172  0.00309109    0.07490295  0.00000000   -0.00121712  0.00356623
 -0.00121712  0.00356623   -0.00121712 -0.00356623    0.09649088  0.00000000
    1    2
 -0.00620959 -0.01795865    0.00294961  0.00122177   -0.02873331  0.01128776
  0.00294961  0.00122177   -0.01708953  0.00830784   -0.01233587 -0.02829917
 -0.02873331  0.01128776   -0.01233587 -0.02829917    0.00057660  0.00023884
    2    1
 -0.00620959  0.01795865    0.00294961 -0.00122177   -0.02873331 -0.01128776
  0.00294961 -0.00122177   -0.01708953 -0.00830784   -0.01233587  0.02829917
 -0.02873331 -0.01128776   -0.01233587  0.02829917    0.00057660 -0.00023884
    2    2
  0.07490295  0.00000000   -0.00028172  0.00309109   -0.00121712  0.00356623
 -0.00028172 -0.00309109    0.07490295  0.00000000   -0.00121712 -0.00356623
 -0.00121712 -0.00356623   -0.00121712  0.00356623    0.09649088  0.00000000

     Diagonalizing the dynamical matrix

     q = (    0.473095220   0.283857132   0.700512607 ) 

 **************************************************************************
     freq (    1) =       1.619847 [THz] =      54.032287 [cm-1]
 ( -0.414902  0.055660 -0.254022 -0.332737 -0.147974  0.357241 ) 
 ( -0.210199  0.362019  0.210199  0.362019 -0.386675  0.000000 ) 
     freq (    2) =       2.105618 [THz] =      70.235844 [cm-1]
 (  0.146897 -0.401288 -0.179881  0.387625 -0.140492  0.339177 ) 
 ( -0.426957 -0.017851  0.426957 -0.017851  0.367123  0.000000 ) 
     freq (    3) =       2.666439 [THz] =      88.942838 [cm-1]
 ( -0.337118 -0.279507 -0.436020 -0.040737  0.130592 -0.315278 ) 
 ( -0.129221 -0.418419  0.129221 -0.418419 -0.341254  0.000000 ) 
     freq (    4) =       2.920166 [THz] =      97.406268 [cm-1]
 ( -0.126812 -0.474042 -0.424868  0.245529  0.051917 -0.125338 ) 
 (  0.389429  0.298567 -0.389429  0.298567  0.135665  0.000000 ) 
     freq (    5) =       3.575580 [THz] =     119.268517 [cm-1]
 ( -0.248547  0.148949 -0.070427 -0.281072  0.220526 -0.532396 ) 
 ( -0.232725  0.172627  0.232725  0.172627  0.576262  0.000000 ) 
     freq (    6) =       3.714140 [THz] =     123.890361 [cm-1]
 ( -0.338781  0.104135 -0.165920 -0.313189 -0.190869  0.460799 ) 
 (  0.225854 -0.273142 -0.225854 -0.273142  0.498765  0.000000 ) 
 **************************************************************************
