Dynamical matrix file
default                                                                    
  1    2  0 11.0001074  1.0000000  0.5402846  0.0000000  0.0000000  0.0000000
Basis vectors
     -0.660543558    0.660543558    0.356881514
      0.660543558   -0.660543558    0.356881514
      0.660543558    0.660543558   -0.356881514
           1  'Sn  '    108197.545983522     
    1    1      0.0000000000      0.0000000000      0.0000000000
    2    1      0.6605435582      0.0000000000      0.1784407572

     Dynamical  Matrix in cartesian axes

     q = (    0.094619044   0.473095220   0.000000000 ) 

    1    1
  0.09198211  0.00000000    0.00101323 -0.00000000    0.00000000  0.00025869
  0.00101323  0.00000000    0.10556356  0.00000000    0.00000000 -0.00223577
  0.00000000 -0.00025869    0.00000000  0.00223577    0.01463137  0.00000000
    1    2
 -0.07090483  0.02936974    0.00102771 -0.00042569   -0.00296662 -0.00716205
  0.00102771 -0.00042569    0.03755306 -0.01555499    0.00661241  0.01596377
 -0.00296662 -0.00716205    0.00661241  0.01596377   -0.00266016  0.00110187
    2    1
 -0.07090483 -0.02936974    0.00102771  0.00042569   -0.00296662  0.00716205
  0.00102771  0.00042569    0.03755306  0.01555499    0.00661241 -0.01596377
 -0.00296662  0.00716205    0.00661241 -0.01596377   -0.00266016 -0.00110187
    2    2
  0.09198211 -0.00000000    0.00101323  0.00000000    0.00000000 -0.00025869
  0.00101323 -0.00000000    0.10556356 -0.00000000    0.00000000  0.00223577
  0.00000000  0.00025869    0.00000000 -0.00223577    0.01463137  0.00000000

     Dynamical  Matrix in cartesian axes

     q = (   -0.094619044   0.473095220   0.000000000 ) 

    1    1
  0.09198211  0.00000000   -0.00101323  0.00000000    0.00000000 -0.00025869
 -0.00101323 -0.00000000    0.10556356  0.00000000    0.00000000 -0.00223577
  0.00000000  0.00025869    0.00000000  0.00223577    0.01463137  0.00000000
    1    2
 -0.07090483 -0.02936974   -0.00102771 -0.00042569   -0.00296662  0.00716205
 -0.00102771 -0.00042569    0.03755306  0.01555499   -0.00661241  0.01596377
 -0.00296662  0.00716205   -0.00661241  0.01596377   -0.00266016 -0.00110187
    2    1
 -0.07090483  0.02936974   -0.00102771  0.00042569   -0.00296662 -0.00716205
 -0.00102771  0.00042569    0.03755306 -0.01555499   -0.00661241 -0.01596377
 -0.00296662 -0.00716205   -0.00661241 -0.01596377   -0.00266016  0.00110187
    2    2
  0.09198211 -0.00000000   -0.00101323 -0.00000000    0.00000000  0.00025869
 -0.00101323  0.00000000    0.10556356  0.00000000    0.00000000  0.00223577
  0.00000000 -0.00025869    0.00000000 -0.00223577    0.01463137 -0.00000000

     Dynamical  Matrix in cartesian axes

     q = (    0.094619044  -0.473095220   0.000000000 ) 

    1    1
  0.09198211 -0.00000000   -0.00101323 -0.00000000    0.00000000  0.00025869
 -0.00101323  0.00000000    0.10556356  0.00000000    0.00000000  0.00223577
  0.00000000 -0.00025869    0.00000000 -0.00223577    0.01463137 -0.00000000
    1    2
 -0.07090483  0.02936974   -0.00102771  0.00042569   -0.00296662 -0.00716205
 -0.00102771  0.00042569    0.03755306 -0.01555499   -0.00661241 -0.01596377
 -0.00296662 -0.00716205   -0.00661241 -0.01596377   -0.00266016  0.00110187
    2    1
 -0.07090483 -0.02936974   -0.00102771 -0.00042569   -0.00296662  0.00716205
 -0.00102771 -0.00042569    0.03755306  0.01555499   -0.00661241  0.01596377
 -0.00296662  0.00716205   -0.00661241  0.01596377   -0.00266016 -0.00110187
    2    2
  0.09198211  0.00000000   -0.00101323  0.00000000    0.00000000 -0.00025869
 -0.00101323 -0.00000000    0.10556356  0.00000000    0.00000000 -0.00223577
  0.00000000  0.00025869    0.00000000  0.00223577    0.01463137  0.00000000

     Dynamical  Matrix in cartesian axes

     q = (   -0.473095220  -0.094619044   0.000000000 ) 

    1    1
  0.10556356  0.00000000    0.00101323  0.00000000    0.00000000 -0.00223577
  0.00101323 -0.00000000    0.09198211  0.00000000    0.00000000  0.00025869
  0.00000000  0.00223577    0.00000000 -0.00025869    0.01463137  0.00000000
    1    2
 -0.01555499  0.03755306   -0.00042569  0.00102771   -0.01596377 -0.00661241
 -0.00042569  0.00102771    0.02936974 -0.07090483    0.00716205  0.00296662
 -0.01596377 -0.00661241    0.00716205  0.00296662    0.00110187 -0.00266016
    2    1
 -0.01555499 -0.03755306   -0.00042569 -0.00102771   -0.01596377  0.00661241
 -0.00042569 -0.00102771    0.02936974  0.07090483    0.00716205 -0.00296662
 -0.01596377  0.00661241    0.00716205 -0.00296662    0.00110187  0.00266016
    2    2
  0.10556356 -0.00000000    0.00101323 -0.00000000    0.00000000  0.00223577
  0.00101323  0.00000000    0.09198211 -0.00000000    0.00000000 -0.00025869
  0.00000000 -0.00223577    0.00000000  0.00025869    0.01463137  0.00000000

     Dynamical  Matrix in cartesian axes

     q = (    0.473095220  -0.094619044   0.000000000 ) 

    1    1
  0.10556356  0.00000000   -0.00101323  0.00000000    0.00000000  0.00223577
 -0.00101323 -0.00000000    0.09198211 -0.00000000    0.00000000  0.00025869
  0.00000000 -0.00223577    0.00000000 -0.00025869    0.01463137  0.00000000
    1    2
 -0.01555499 -0.03755306    0.00042569  0.00102771   -0.01596377  0.00661241
  0.00042569  0.00102771    0.02936974  0.07090483   -0.00716205  0.00296662
 -0.01596377  0.00661241   -0.00716205  0.00296662    0.00110187  0.00266016
    2    1
 -0.01555499  0.03755306    0.00042569 -0.00102771   -0.01596377 -0.00661241
  0.00042569 -0.00102771    0.02936974 -0.07090483   -0.00716205 -0.00296662
 -0.01596377 -0.00661241   -0.00716205 -0.00296662    0.00110187 -0.00266016
    2    2
  0.10556356  0.00000000   -0.00101323 -0.00000000    0.00000000 -0.00223577
 -0.00101323  0.00000000    0.09198211  0.00000000    0.00000000 -0.00025869
  0.00000000  0.00223577    0.00000000  0.00025869    0.01463137 -0.00000000

     Dynamical  Matrix in cartesian axes

     q = (   -0.473095220   0.094619044   0.000000000 ) 

    1    1
  0.10556356  0.00000000   -0.00101323 -0.00000000    0.00000000 -0.00223577
 -0.00101323  0.00000000    0.09198211  0.00000000    0.00000000 -0.00025869
  0.00000000  0.00223577    0.00000000  0.00025869    0.01463137 -0.00000000
    1    2
 -0.01555499  0.03755306    0.00042569 -0.00102771   -0.01596377 -0.00661241
  0.00042569 -0.00102771    0.02936974 -0.07090483   -0.00716205 -0.00296662
 -0.01596377 -0.00661241   -0.00716205 -0.00296662    0.00110187 -0.00266016
    2    1
 -0.01555499 -0.03755306    0.00042569  0.00102771   -0.01596377  0.00661241
  0.00042569  0.00102771    0.02936974  0.07090483   -0.00716205  0.00296662
 -0.01596377  0.00661241   -0.00716205  0.00296662    0.00110187  0.00266016
    2    2
  0.10556356  0.00000000   -0.00101323  0.00000000    0.00000000  0.00223577
 -0.00101323 -0.00000000    0.09198211 -0.00000000    0.00000000  0.00025869
  0.00000000 -0.00223577    0.00000000 -0.00025869    0.01463137  0.00000000

     Dynamical  Matrix in cartesian axes

     q = (   -0.094619044  -0.473095220   0.000000000 ) 

    1    1
  0.09198211 -0.00000000    0.00101323  0.00000000    0.00000000 -0.00025869
  0.00101323 -0.00000000    0.10556356 -0.00000000    0.00000000  0.00223577
  0.00000000  0.00025869    0.00000000 -0.00223577    0.01463137  0.00000000
    1    2
 -0.07090483 -0.02936974    0.00102771  0.00042569   -0.00296662  0.00716205
  0.00102771  0.00042569    0.03755306  0.01555499    0.00661241 -0.01596377
 -0.00296662  0.00716205    0.00661241 -0.01596377   -0.00266016 -0.00110187
    2    1
 -0.07090483  0.02936974    0.00102771 -0.00042569   -0.00296662 -0.00716205
  0.00102771 -0.00042569    0.03755306 -0.01555499    0.00661241  0.01596377
 -0.00296662 -0.00716205    0.00661241  0.01596377   -0.00266016  0.00110187
    2    2
  0.09198211  0.00000000    0.00101323 -0.00000000    0.00000000  0.00025869
  0.00101323  0.00000000    0.10556356  0.00000000    0.00000000 -0.00223577
  0.00000000 -0.00025869    0.00000000  0.00223577    0.01463137  0.00000000

     Dynamical  Matrix in cartesian axes

     q = (    0.473095220   0.094619044   0.000000000 ) 

    1    1
  0.10556356 -0.00000000    0.00101323 -0.00000000    0.00000000  0.00223577
  0.00101323  0.00000000    0.09198211 -0.00000000    0.00000000 -0.00025869
  0.00000000 -0.00223577    0.00000000  0.00025869    0.01463137  0.00000000
    1    2
 -0.01555499 -0.03755306   -0.00042569 -0.00102771   -0.01596377  0.00661241
 -0.00042569 -0.00102771    0.02936974  0.07090483    0.00716205 -0.00296662
 -0.01596377  0.00661241    0.00716205 -0.00296662    0.00110187  0.00266016
    2    1
 -0.01555499  0.03755306   -0.00042569  0.00102771   -0.01596377 -0.00661241
 -0.00042569  0.00102771    0.02936974 -0.07090483    0.00716205  0.00296662
 -0.01596377 -0.00661241    0.00716205  0.00296662    0.00110187 -0.00266016
    2    2
  0.10556356  0.00000000    0.00101323  0.00000000    0.00000000 -0.00223577
  0.00101323 -0.00000000    0.09198211  0.00000000    0.00000000  0.00025869
  0.00000000  0.00223577    0.00000000 -0.00025869    0.01463137  0.00000000

     Diagonalizing the dynamical matrix

     q = (    0.094619044   0.473095220   0.000000000 ) 

 **************************************************************************
     freq (    1) =       0.817517 [THz] =      27.269446 [cm-1]
 (  0.187751  0.453271 -0.029794 -0.071929 -0.464917  0.192575 ) 
 ( -0.000000  0.490618  0.000000 -0.077856  0.503223  0.000000 ) 
     freq (    2) =       0.864256 [THz] =      28.828479 [cm-1]
 (  0.012110  0.029236 -0.068458 -0.165271  0.631354 -0.261515 ) 
 (  0.000000 -0.031645 -0.000000  0.178889  0.683372  0.000000 ) 
     freq (    3) =       1.522213 [THz] =      50.775565 [cm-1]
 (  0.194857  0.470426  0.026123  0.063065  0.448886 -0.185935 ) 
 ( -0.000000  0.509186 -0.000000  0.068262 -0.485870  0.000000 ) 
     freq (    4) =       2.624100 [THz] =      87.530562 [cm-1]
 (  0.005382  0.012993  0.261787  0.632009  0.164841 -0.068280 ) 
 ( -0.000000 -0.014064  0.000000 -0.684081  0.178423  0.000000 ) 
     freq (    5) =       3.862081 [THz] =     128.825144 [cm-1]
 (  0.001882  0.004543  0.267681  0.646240 -0.095553  0.039580 ) 
 (  0.000000  0.004917  0.000000  0.699485  0.103426  0.000000 ) 
     freq (    6) =       4.112711 [THz] =     137.185289 [cm-1]
 ( -0.270273 -0.652498  0.002146  0.005180  0.031571 -0.013077 ) 
 (  0.000000  0.706258  0.000000 -0.005607  0.034172  0.000000 ) 
 **************************************************************************
