Dynamical matrix file
default                                                                    
  1    2  0 11.0001074  1.0000000  0.5402846  0.0000000  0.0000000  0.0000000
Basis vectors
     -0.660543558    0.660543558    0.356881514
      0.660543558   -0.660543558    0.356881514
      0.660543558    0.660543558   -0.356881514
           1  'Sn  '    108197.545983522     
    1    1      0.0000000000      0.0000000000      0.0000000000
    2    1      0.6605435582      0.0000000000      0.1784407572

     Dynamical  Matrix in cartesian axes

     q = (    0.094619044  -0.189238088   0.525384455 ) 

    1    1
  0.08259114 -0.00000000   -0.00004264  0.00159084    0.00183154  0.00191097
 -0.00004264 -0.00159084    0.07549024  0.00000000   -0.00295960  0.00212302
  0.00183154 -0.00191097   -0.00295960 -0.00212302    0.10052014  0.00000000
    1    2
 -0.05981559  0.02628124   -0.00103941  0.00154183   -0.00353137 -0.01238195
 -0.00103941  0.00154183   -0.00100752  0.04109665   -0.02362194  0.00353767
 -0.00353137 -0.01238195   -0.02362194  0.00353767   -0.00153581  0.00440610
    2    1
 -0.05981559 -0.02628124   -0.00103941 -0.00154183   -0.00353137  0.01238195
 -0.00103941 -0.00154183   -0.00100752 -0.04109665   -0.02362194 -0.00353767
 -0.00353137  0.01238195   -0.02362194 -0.00353767   -0.00153581 -0.00440610
    2    2
  0.08259114  0.00000000   -0.00004264 -0.00159084    0.00183154 -0.00191097
 -0.00004264  0.00159084    0.07549024 -0.00000000   -0.00295960 -0.00212302
  0.00183154  0.00191097   -0.00295960  0.00212302    0.10052014 -0.00000000

     Dynamical  Matrix in cartesian axes

     q = (    0.094619044   0.189238088   0.525384455 ) 

    1    1
  0.08259114 -0.00000000    0.00004264 -0.00159084    0.00183154  0.00191097
  0.00004264  0.00159084    0.07549024 -0.00000000    0.00295960 -0.00212302
  0.00183154 -0.00191097    0.00295960  0.00212302    0.10052014 -0.00000000
    1    2
 -0.05981559  0.02628124    0.00103941 -0.00154183   -0.00353137 -0.01238195
  0.00103941 -0.00154183   -0.00100752  0.04109665    0.02362194 -0.00353767
 -0.00353137 -0.01238195    0.02362194 -0.00353767   -0.00153581  0.00440610
    2    1
 -0.05981559 -0.02628124    0.00103941  0.00154183   -0.00353137  0.01238195
  0.00103941  0.00154183   -0.00100752 -0.04109665    0.02362194  0.00353767
 -0.00353137  0.01238195    0.02362194  0.00353767   -0.00153581 -0.00440610
    2    2
  0.08259114  0.00000000    0.00004264  0.00159084    0.00183154 -0.00191097
  0.00004264 -0.00159084    0.07549024  0.00000000    0.00295960  0.00212302
  0.00183154  0.00191097    0.00295960 -0.00212302    0.10052014  0.00000000

     Dynamical  Matrix in cartesian axes

     q = (   -0.189238088   0.094619044   0.525384455 ) 

    1    1
  0.07549024 -0.00000000   -0.00004264  0.00159084   -0.00295960 -0.00212302
 -0.00004264 -0.00159084    0.08259114  0.00000000    0.00183154 -0.00191097
 -0.00295960  0.00212302    0.00183154  0.00191097    0.10052014 -0.00000000
    1    2
 -0.02977214 -0.02834730   -0.00182521 -0.00035526   -0.01920474  0.01420173
 -0.00182521 -0.00035526   -0.06087965  0.02371237    0.00625831  0.01125242
 -0.01920474  0.01420173    0.00625831  0.01125242   -0.00420156 -0.00202960
    2    1
 -0.02977214  0.02834730   -0.00182521  0.00035526   -0.01920474 -0.01420173
 -0.00182521  0.00035526   -0.06087965 -0.02371237    0.00625831 -0.01125242
 -0.01920474 -0.01420173    0.00625831 -0.01125242   -0.00420156  0.00202960
    2    2
  0.07549024  0.00000000   -0.00004264 -0.00159084   -0.00295960  0.00212302
 -0.00004264  0.00159084    0.08259114 -0.00000000    0.00183154  0.00191097
 -0.00295960 -0.00212302    0.00183154 -0.00191097    0.10052014  0.00000000

     Dynamical  Matrix in cartesian axes

     q = (   -0.189238088   0.094619044  -0.525384455 ) 

    1    1
  0.07549024  0.00000000   -0.00004264 -0.00159084    0.00295960 -0.00212302
 -0.00004264  0.00159084    0.08259114  0.00000000   -0.00183154 -0.00191097
  0.00295960  0.00212302   -0.00183154  0.00191097    0.10052014  0.00000000
    1    2
 -0.02834730 -0.02977214   -0.00035526 -0.00182521   -0.01420173  0.01920474
 -0.00035526 -0.00182521    0.02371237 -0.06087965   -0.01125242 -0.00625831
 -0.01420173  0.01920474   -0.01125242 -0.00625831   -0.00202960 -0.00420156
    2    1
 -0.02834730  0.02977214   -0.00035526  0.00182521   -0.01420173 -0.01920474
 -0.00035526  0.00182521    0.02371237  0.06087965   -0.01125242  0.00625831
 -0.01420173 -0.01920474   -0.01125242  0.00625831   -0.00202960  0.00420156
    2    2
  0.07549024 -0.00000000   -0.00004264  0.00159084    0.00295960  0.00212302
 -0.00004264 -0.00159084    0.08259114 -0.00000000   -0.00183154  0.00191097
  0.00295960 -0.00212302   -0.00183154 -0.00191097    0.10052014 -0.00000000

     Dynamical  Matrix in cartesian axes

     q = (    0.189238088  -0.094619044   0.525384455 ) 

    1    1
  0.07549024 -0.00000000   -0.00004264  0.00159084    0.00295960  0.00212302
 -0.00004264 -0.00159084    0.08259114 -0.00000000   -0.00183154  0.00191097
  0.00295960 -0.00212302   -0.00183154 -0.00191097    0.10052014 -0.00000000
    1    2
 -0.02834730  0.02977214   -0.00035526  0.00182521   -0.01420173 -0.01920474
 -0.00035526  0.00182521    0.02371237  0.06087965   -0.01125242  0.00625831
 -0.01420173 -0.01920474   -0.01125242  0.00625831   -0.00202960  0.00420156
    2    1
 -0.02834730 -0.02977214   -0.00035526 -0.00182521   -0.01420173  0.01920474
 -0.00035526 -0.00182521    0.02371237 -0.06087965   -0.01125242 -0.00625831
 -0.01420173  0.01920474   -0.01125242 -0.00625831   -0.00202960 -0.00420156
    2    2
  0.07549024  0.00000000   -0.00004264 -0.00159084    0.00295960 -0.00212302
 -0.00004264  0.00159084    0.08259114  0.00000000   -0.00183154 -0.00191097
  0.00295960  0.00212302   -0.00183154  0.00191097    0.10052014  0.00000000

     Dynamical  Matrix in cartesian axes

     q = (   -0.094619044   0.189238088   0.525384455 ) 

    1    1
  0.08259114  0.00000000   -0.00004264  0.00159084   -0.00183154 -0.00191097
 -0.00004264 -0.00159084    0.07549024  0.00000000    0.00295960 -0.00212302
 -0.00183154  0.00191097    0.00295960  0.00212302    0.10052014  0.00000000
    1    2
 -0.06087965 -0.02371237   -0.00182521  0.00035526   -0.00625831  0.01125242
 -0.00182521  0.00035526   -0.02977214  0.02834730    0.01920474  0.01420173
 -0.00625831  0.01125242    0.01920474  0.01420173   -0.00420156  0.00202960
    2    1
 -0.06087965  0.02371237   -0.00182521 -0.00035526   -0.00625831 -0.01125242
 -0.00182521 -0.00035526   -0.02977214 -0.02834730    0.01920474 -0.01420173
 -0.00625831 -0.01125242    0.01920474 -0.01420173   -0.00420156 -0.00202960
    2    2
  0.08259114 -0.00000000   -0.00004264 -0.00159084   -0.00183154  0.00191097
 -0.00004264  0.00159084    0.07549024 -0.00000000    0.00295960  0.00212302
 -0.00183154 -0.00191097    0.00295960 -0.00212302    0.10052014 -0.00000000

     Dynamical  Matrix in cartesian axes

     q = (    0.189238088  -0.094619044  -0.525384455 ) 

    1    1
  0.07549024  0.00000000   -0.00004264 -0.00159084   -0.00295960  0.00212302
 -0.00004264  0.00159084    0.08259114 -0.00000000    0.00183154  0.00191097
 -0.00295960 -0.00212302    0.00183154 -0.00191097    0.10052014  0.00000000
    1    2
 -0.02977214  0.02834730   -0.00182521  0.00035526   -0.01920474 -0.01420173
 -0.00182521  0.00035526   -0.06087965 -0.02371237    0.00625831 -0.01125242
 -0.01920474 -0.01420173    0.00625831 -0.01125242   -0.00420156  0.00202960
    2    1
 -0.02977214 -0.02834730   -0.00182521 -0.00035526   -0.01920474  0.01420173
 -0.00182521 -0.00035526   -0.06087965  0.02371237    0.00625831  0.01125242
 -0.01920474  0.01420173    0.00625831  0.01125242   -0.00420156 -0.00202960
    2    2
  0.07549024 -0.00000000   -0.00004264  0.00159084   -0.00295960 -0.00212302
 -0.00004264 -0.00159084    0.08259114  0.00000000    0.00183154 -0.00191097
 -0.00295960  0.00212302    0.00183154  0.00191097    0.10052014 -0.00000000

     Dynamical  Matrix in cartesian axes

     q = (   -0.094619044   0.189238088  -0.525384455 ) 

    1    1
  0.08259114  0.00000000   -0.00004264 -0.00159084    0.00183154 -0.00191097
 -0.00004264  0.00159084    0.07549024 -0.00000000   -0.00295960 -0.00212302
  0.00183154  0.00191097   -0.00295960  0.00212302    0.10052014 -0.00000000
    1    2
 -0.05981559 -0.02628124   -0.00103941 -0.00154183   -0.00353137  0.01238195
 -0.00103941 -0.00154183   -0.00100752 -0.04109665   -0.02362194 -0.00353767
 -0.00353137  0.01238195   -0.02362194 -0.00353767   -0.00153581 -0.00440610
    2    1
 -0.05981559  0.02628124   -0.00103941  0.00154183   -0.00353137 -0.01238195
 -0.00103941  0.00154183   -0.00100752  0.04109665   -0.02362194  0.00353767
 -0.00353137 -0.01238195   -0.02362194  0.00353767   -0.00153581  0.00440610
    2    2
  0.08259114 -0.00000000   -0.00004264  0.00159084    0.00183154  0.00191097
 -0.00004264 -0.00159084    0.07549024  0.00000000   -0.00295960  0.00212302
  0.00183154 -0.00191097   -0.00295960 -0.00212302    0.10052014  0.00000000

     Dynamical  Matrix in cartesian axes

     q = (   -0.094619044  -0.189238088   0.525384455 ) 

    1    1
  0.08259114 -0.00000000    0.00004264 -0.00159084   -0.00183154 -0.00191097
  0.00004264  0.00159084    0.07549024 -0.00000000   -0.00295960  0.00212302
 -0.00183154  0.00191097   -0.00295960 -0.00212302    0.10052014 -0.00000000
    1    2
 -0.06087965 -0.02371237    0.00182521 -0.00035526   -0.00625831  0.01125242
  0.00182521 -0.00035526   -0.02977214  0.02834730   -0.01920474 -0.01420173
 -0.00625831  0.01125242   -0.01920474 -0.01420173   -0.00420156  0.00202960
    2    1
 -0.06087965  0.02371237    0.00182521  0.00035526   -0.00625831 -0.01125242
  0.00182521  0.00035526   -0.02977214 -0.02834730   -0.01920474  0.01420173
 -0.00625831 -0.01125242   -0.01920474  0.01420173   -0.00420156 -0.00202960
    2    2
  0.08259114  0.00000000    0.00004264  0.00159084   -0.00183154  0.00191097
  0.00004264 -0.00159084    0.07549024  0.00000000   -0.00295960 -0.00212302
 -0.00183154 -0.00191097   -0.00295960  0.00212302    0.10052014  0.00000000

     Dynamical  Matrix in cartesian axes

     q = (   -0.094619044  -0.189238088  -0.525384455 ) 

    1    1
  0.08259114  0.00000000    0.00004264  0.00159084    0.00183154 -0.00191097
  0.00004264 -0.00159084    0.07549024  0.00000000    0.00295960  0.00212302
  0.00183154  0.00191097    0.00295960 -0.00212302    0.10052014  0.00000000
    1    2
 -0.05981559 -0.02628124    0.00103941  0.00154183   -0.00353137  0.01238195
  0.00103941  0.00154183   -0.00100752 -0.04109665    0.02362194  0.00353767
 -0.00353137  0.01238195    0.02362194  0.00353767   -0.00153581 -0.00440610
    2    1
 -0.05981559  0.02628124    0.00103941 -0.00154183   -0.00353137 -0.01238195
  0.00103941 -0.00154183   -0.00100752  0.04109665    0.02362194 -0.00353767
 -0.00353137 -0.01238195    0.02362194 -0.00353767   -0.00153581  0.00440610
    2    2
  0.08259114 -0.00000000    0.00004264 -0.00159084    0.00183154  0.00191097
  0.00004264  0.00159084    0.07549024 -0.00000000    0.00295960 -0.00212302
  0.00183154 -0.00191097    0.00295960  0.00212302    0.10052014 -0.00000000

     Dynamical  Matrix in cartesian axes

     q = (   -0.189238088  -0.094619044   0.525384455 ) 

    1    1
  0.07549024  0.00000000    0.00004264 -0.00159084   -0.00295960 -0.00212302
  0.00004264  0.00159084    0.08259114  0.00000000   -0.00183154  0.00191097
 -0.00295960  0.00212302   -0.00183154 -0.00191097    0.10052014  0.00000000
    1    2
 -0.02977214 -0.02834730    0.00182521  0.00035526   -0.01920474  0.01420173
  0.00182521  0.00035526   -0.06087965  0.02371237   -0.00625831 -0.01125242
 -0.01920474  0.01420173   -0.00625831 -0.01125242   -0.00420156 -0.00202960
    2    1
 -0.02977214  0.02834730    0.00182521 -0.00035526   -0.01920474 -0.01420173
  0.00182521 -0.00035526   -0.06087965 -0.02371237   -0.00625831  0.01125242
 -0.01920474 -0.01420173   -0.00625831  0.01125242   -0.00420156  0.00202960
    2    2
  0.07549024 -0.00000000    0.00004264  0.00159084   -0.00295960  0.00212302
  0.00004264 -0.00159084    0.08259114 -0.00000000   -0.00183154 -0.00191097
 -0.00295960 -0.00212302   -0.00183154  0.00191097    0.10052014 -0.00000000

     Dynamical  Matrix in cartesian axes

     q = (    0.094619044   0.189238088  -0.525384455 ) 

    1    1
  0.08259114  0.00000000    0.00004264  0.00159084   -0.00183154  0.00191097
  0.00004264 -0.00159084    0.07549024  0.00000000   -0.00295960 -0.00212302
 -0.00183154 -0.00191097   -0.00295960  0.00212302    0.10052014  0.00000000
    1    2
 -0.06087965  0.02371237    0.00182521  0.00035526   -0.00625831 -0.01125242
  0.00182521  0.00035526   -0.02977214 -0.02834730   -0.01920474  0.01420173
 -0.00625831 -0.01125242   -0.01920474  0.01420173   -0.00420156 -0.00202960
    2    1
 -0.06087965 -0.02371237    0.00182521 -0.00035526   -0.00625831  0.01125242
  0.00182521 -0.00035526   -0.02977214  0.02834730   -0.01920474 -0.01420173
 -0.00625831  0.01125242   -0.01920474 -0.01420173   -0.00420156  0.00202960
    2    2
  0.08259114 -0.00000000    0.00004264 -0.00159084   -0.00183154 -0.00191097
  0.00004264  0.00159084    0.07549024 -0.00000000   -0.00295960  0.00212302
 -0.00183154  0.00191097   -0.00295960 -0.00212302    0.10052014 -0.00000000

     Dynamical  Matrix in cartesian axes

     q = (    0.189238088   0.094619044   0.525384455 ) 

    1    1
  0.07549024  0.00000000    0.00004264 -0.00159084    0.00295960  0.00212302
  0.00004264  0.00159084    0.08259114  0.00000000    0.00183154 -0.00191097
  0.00295960 -0.00212302    0.00183154  0.00191097    0.10052014  0.00000000
    1    2
 -0.02834730  0.02977214    0.00035526 -0.00182521   -0.01420173 -0.01920474
  0.00035526 -0.00182521    0.02371237  0.06087965    0.01125242 -0.00625831
 -0.01420173 -0.01920474    0.01125242 -0.00625831   -0.00202960  0.00420156
    2    1
 -0.02834730 -0.02977214    0.00035526  0.00182521   -0.01420173  0.01920474
  0.00035526  0.00182521    0.02371237 -0.06087965    0.01125242  0.00625831
 -0.01420173  0.01920474    0.01125242  0.00625831   -0.00202960 -0.00420156
    2    2
  0.07549024 -0.00000000    0.00004264  0.00159084    0.00295960 -0.00212302
  0.00004264 -0.00159084    0.08259114 -0.00000000    0.00183154  0.00191097
  0.00295960  0.00212302    0.00183154 -0.00191097    0.10052014 -0.00000000

     Dynamical  Matrix in cartesian axes

     q = (    0.189238088   0.094619044  -0.525384455 ) 

    1    1
  0.07549024 -0.00000000    0.00004264  0.00159084   -0.00295960  0.00212302
  0.00004264 -0.00159084    0.08259114 -0.00000000   -0.00183154 -0.00191097
 -0.00295960 -0.00212302   -0.00183154  0.00191097    0.10052014 -0.00000000
    1    2
 -0.02977214  0.02834730    0.00182521 -0.00035526   -0.01920474 -0.01420173
  0.00182521 -0.00035526   -0.06087965 -0.02371237   -0.00625831  0.01125242
 -0.01920474 -0.01420173   -0.00625831  0.01125242   -0.00420156  0.00202960
    2    1
 -0.02977214 -0.02834730    0.00182521  0.00035526   -0.01920474  0.01420173
  0.00182521  0.00035526   -0.06087965  0.02371237   -0.00625831 -0.01125242
 -0.01920474  0.01420173   -0.00625831 -0.01125242   -0.00420156 -0.00202960
    2    2
  0.07549024  0.00000000    0.00004264 -0.00159084   -0.00295960 -0.00212302
  0.00004264  0.00159084    0.08259114  0.00000000   -0.00183154  0.00191097
 -0.00295960  0.00212302   -0.00183154 -0.00191097    0.10052014  0.00000000

     Dynamical  Matrix in cartesian axes

     q = (    0.094619044  -0.189238088  -0.525384455 ) 

    1    1
  0.08259114 -0.00000000   -0.00004264 -0.00159084   -0.00183154  0.00191097
 -0.00004264  0.00159084    0.07549024 -0.00000000    0.00295960  0.00212302
 -0.00183154 -0.00191097    0.00295960 -0.00212302    0.10052014 -0.00000000
    1    2
 -0.06087965  0.02371237   -0.00182521 -0.00035526   -0.00625831 -0.01125242
 -0.00182521 -0.00035526   -0.02977214 -0.02834730    0.01920474 -0.01420173
 -0.00625831 -0.01125242    0.01920474 -0.01420173   -0.00420156 -0.00202960
    2    1
 -0.06087965 -0.02371237   -0.00182521  0.00035526   -0.00625831  0.01125242
 -0.00182521  0.00035526   -0.02977214  0.02834730    0.01920474  0.01420173
 -0.00625831  0.01125242    0.01920474  0.01420173   -0.00420156  0.00202960
    2    2
  0.08259114  0.00000000   -0.00004264  0.00159084   -0.00183154 -0.00191097
 -0.00004264 -0.00159084    0.07549024  0.00000000    0.00295960 -0.00212302
 -0.00183154  0.00191097    0.00295960  0.00212302    0.10052014  0.00000000

     Dynamical  Matrix in cartesian axes

     q = (   -0.189238088  -0.094619044  -0.525384455 ) 

    1    1
  0.07549024 -0.00000000    0.00004264  0.00159084    0.00295960 -0.00212302
  0.00004264 -0.00159084    0.08259114 -0.00000000    0.00183154  0.00191097
  0.00295960  0.00212302    0.00183154 -0.00191097    0.10052014 -0.00000000
    1    2
 -0.02834730 -0.02977214    0.00035526  0.00182521   -0.01420173  0.01920474
  0.00035526  0.00182521    0.02371237 -0.06087965    0.01125242  0.00625831
 -0.01420173  0.01920474    0.01125242  0.00625831   -0.00202960 -0.00420156
    2    1
 -0.02834730  0.02977214    0.00035526 -0.00182521   -0.01420173 -0.01920474
  0.00035526 -0.00182521    0.02371237  0.06087965    0.01125242 -0.00625831
 -0.01420173 -0.01920474    0.01125242 -0.00625831   -0.00202960  0.00420156
    2    2
  0.07549024  0.00000000    0.00004264 -0.00159084    0.00295960  0.00212302
  0.00004264  0.00159084    0.08259114  0.00000000    0.00183154 -0.00191097
  0.00295960 -0.00212302    0.00183154  0.00191097    0.10052014  0.00000000

     Diagonalizing the dynamical matrix

     q = (    0.094619044  -0.189238088   0.525384455 ) 

 **************************************************************************
     freq (    1) =       1.179899 [THz] =      39.357185 [cm-1]
 ( -0.277900 -0.613601 -0.138521 -0.081361  0.129878 -0.059917 ) 
 ( -0.004698 -0.673582  0.091699 -0.131905 -0.143032  0.000000 ) 
     freq (    2) =       1.614230 [THz] =      53.844931 [cm-1]
 (  0.177014  0.006684 -0.585560  0.280861 -0.179556 -0.120904 ) 
 (  0.150564  0.093324 -0.328842 -0.560023 -0.216467  0.000000 ) 
     freq (    3) =       2.894576 [THz] =      96.552670 [cm-1]
 (  0.106285 -0.039348  0.377438  0.078874 -0.009283 -0.581712 ) 
 (  0.037648 -0.106899 -0.084886 -0.376131  0.581786  0.000000 ) 
     freq (    4) =       3.361190 [THz] =     112.117222 [cm-1]
 (  0.121317 -0.082747  0.216048  0.085545 -0.063536 -0.648385 ) 
 ( -0.070522  0.128809  0.106208  0.206675 -0.651491  0.000000 ) 
     freq (    5) =       3.588514 [THz] =     119.699946 [cm-1]
 ( -0.206861  0.008896  0.539537 -0.184576  0.242459  0.270509 ) 
 (  0.131443  0.159979 -0.222664 -0.524966 -0.363265  0.000000 ) 
     freq (    6) =       3.896742 [THz] =     129.981338 [cm-1]
 ( -0.305358 -0.586825 -0.151240 -0.041379  0.163507 -0.105227 ) 
 (  0.060798  0.658719 -0.104786  0.116643  0.194441  0.000000 ) 
 **************************************************************************
