Dynamical matrix file
default                                                                    
  1    2  0 12.2453830  0.0000000  0.0000000  0.0000000  0.0000000  0.0000000
Basis vectors
      0.000000000    0.707106781    0.707106781
      0.707106781    0.000000000    0.707106781
      0.707106781    0.707106781    0.000000000
           1  'Sn  '    108197.545983522     
    1    1      0.0000000000      0.0000000000      0.0000000000
    2    1      0.3535533906      0.3535533906      0.3535533906

     Dynamical  Matrix in cartesian axes

     q = (   -0.176776695  -0.530330086   0.530330086 ) 

    1    1
  0.18449632  0.00000000    0.00257770 -0.00295236   -0.00257770  0.00295236
  0.00257770  0.00295236    0.15991663  0.00000000   -0.00163994  0.00000000
 -0.00257770 -0.00295236   -0.00163994  0.00000000    0.15991663  0.00000000
    1    2
 -0.05068871  0.03879794    0.03410086 -0.03387855   -0.03410086  0.03387855
  0.03410086 -0.03387855   -0.03975474  0.03918490   -0.10665027 -0.03387015
 -0.03410086  0.03387855   -0.10665027 -0.03387015   -0.03975474  0.03918490
    2    1
 -0.05068871 -0.03879794    0.03410086  0.03387855   -0.03410086 -0.03387855
  0.03410086  0.03387855   -0.03975474 -0.03918490   -0.10665027  0.03387015
 -0.03410086 -0.03387855   -0.10665027  0.03387015   -0.03975474 -0.03918490
    2    2
  0.18449632  0.00000000    0.00257770  0.00295236   -0.00257770 -0.00295236
  0.00257770 -0.00295236    0.15991663  0.00000000   -0.00163994  0.00000000
 -0.00257770  0.00295236   -0.00163994  0.00000000    0.15991663  0.00000000

     Dynamical  Matrix in cartesian axes

     q = (   -0.176776695  -0.530330086  -0.530330086 ) 

    1    1
  0.18449632  0.00000000    0.00257770  0.00295236    0.00257770  0.00295236
  0.00257770 -0.00295236    0.15991663  0.00000000    0.00163994  0.00000000
  0.00257770 -0.00295236    0.00163994  0.00000000    0.15991663  0.00000000
    1    2
  0.05068871  0.03879794   -0.03410086 -0.03387855   -0.03410086 -0.03387855
 -0.03410086 -0.03387855    0.03975474  0.03918490   -0.10665027  0.03387015
 -0.03410086 -0.03387855   -0.10665027  0.03387015    0.03975474  0.03918490
    2    1
  0.05068871 -0.03879794   -0.03410086  0.03387855   -0.03410086  0.03387855
 -0.03410086  0.03387855    0.03975474 -0.03918490   -0.10665027 -0.03387015
 -0.03410086  0.03387855   -0.10665027 -0.03387015    0.03975474 -0.03918490
    2    2
  0.18449632  0.00000000    0.00257770 -0.00295236    0.00257770 -0.00295236
  0.00257770  0.00295236    0.15991663  0.00000000    0.00163994  0.00000000
  0.00257770  0.00295236    0.00163994  0.00000000    0.15991663  0.00000000

     Dynamical  Matrix in cartesian axes

     q = (   -0.176776695   0.530330086   0.530330086 ) 

    1    1
  0.18449632  0.00000000   -0.00257770 -0.00295236   -0.00257770 -0.00295236
 -0.00257770  0.00295236    0.15991663  0.00000000    0.00163994  0.00000000
 -0.00257770  0.00295236    0.00163994  0.00000000    0.15991663  0.00000000
    1    2
 -0.03879794  0.05068871   -0.03387855  0.03410086   -0.03387855  0.03410086
 -0.03387855  0.03410086   -0.03918490  0.03975474   -0.03387015 -0.10665027
 -0.03387855  0.03410086   -0.03387015 -0.10665027   -0.03918490  0.03975474
    2    1
 -0.03879794 -0.05068871   -0.03387855 -0.03410086   -0.03387855 -0.03410086
 -0.03387855 -0.03410086   -0.03918490 -0.03975474   -0.03387015  0.10665027
 -0.03387855 -0.03410086   -0.03387015  0.10665027   -0.03918490 -0.03975474
    2    2
  0.18449632  0.00000000   -0.00257770  0.00295236   -0.00257770  0.00295236
 -0.00257770 -0.00295236    0.15991663  0.00000000    0.00163994  0.00000000
 -0.00257770 -0.00295236    0.00163994  0.00000000    0.15991663  0.00000000

     Dynamical  Matrix in cartesian axes

     q = (   -0.176776695   0.530330086  -0.530330086 ) 

    1    1
  0.18449632  0.00000000   -0.00257770  0.00295236    0.00257770 -0.00295236
 -0.00257770 -0.00295236    0.15991663  0.00000000   -0.00163994  0.00000000
  0.00257770  0.00295236   -0.00163994  0.00000000    0.15991663  0.00000000
    1    2
 -0.05068871  0.03879794   -0.03410086  0.03387855    0.03410086 -0.03387855
 -0.03410086  0.03387855   -0.03975474  0.03918490   -0.10665027 -0.03387015
  0.03410086 -0.03387855   -0.10665027 -0.03387015   -0.03975474  0.03918490
    2    1
 -0.05068871 -0.03879794   -0.03410086 -0.03387855    0.03410086  0.03387855
 -0.03410086 -0.03387855   -0.03975474 -0.03918490   -0.10665027  0.03387015
  0.03410086  0.03387855   -0.10665027  0.03387015   -0.03975474 -0.03918490
    2    2
  0.18449632  0.00000000   -0.00257770 -0.00295236    0.00257770  0.00295236
 -0.00257770  0.00295236    0.15991663  0.00000000   -0.00163994  0.00000000
  0.00257770 -0.00295236   -0.00163994  0.00000000    0.15991663  0.00000000

     Dynamical  Matrix in cartesian axes

     q = (    0.530330086   0.530330086  -0.176776695 ) 

    1    1
  0.15991663  0.00000000    0.00163994  0.00000000   -0.00257770  0.00295236
  0.00163994  0.00000000    0.15991663  0.00000000   -0.00257770  0.00295236
 -0.00257770 -0.00295236   -0.00257770 -0.00295236    0.18449632  0.00000000
    1    2
 -0.03918490  0.03975474   -0.03387015 -0.10665027   -0.03387855  0.03410086
 -0.03387015 -0.10665027   -0.03918490  0.03975474   -0.03387855  0.03410086
 -0.03387855  0.03410086   -0.03387855  0.03410086   -0.03879794  0.05068871
    2    1
 -0.03918490 -0.03975474   -0.03387015  0.10665027   -0.03387855 -0.03410086
 -0.03387015  0.10665027   -0.03918490 -0.03975474   -0.03387855 -0.03410086
 -0.03387855 -0.03410086   -0.03387855 -0.03410086   -0.03879794 -0.05068871
    2    2
  0.15991663  0.00000000    0.00163994  0.00000000   -0.00257770 -0.00295236
  0.00163994  0.00000000    0.15991663  0.00000000   -0.00257770 -0.00295236
 -0.00257770  0.00295236   -0.00257770  0.00295236    0.18449632  0.00000000

     Dynamical  Matrix in cartesian axes

     q = (    0.530330086   0.176776695  -0.530330086 ) 

    1    1
  0.15991663  0.00000000    0.00257770 -0.00295236   -0.00163994  0.00000000
  0.00257770  0.00295236    0.18449632  0.00000000   -0.00257770 -0.00295236
 -0.00163994  0.00000000   -0.00257770  0.00295236    0.15991663  0.00000000
    1    2
 -0.03975474 -0.03918490    0.03410086  0.03387855   -0.10665027  0.03387015
  0.03410086  0.03387855   -0.05068871 -0.03879794   -0.03410086 -0.03387855
 -0.10665027  0.03387015   -0.03410086 -0.03387855   -0.03975474 -0.03918490
    2    1
 -0.03975474  0.03918490    0.03410086 -0.03387855   -0.10665027 -0.03387015
  0.03410086 -0.03387855   -0.05068871  0.03879794   -0.03410086  0.03387855
 -0.10665027 -0.03387015   -0.03410086  0.03387855   -0.03975474  0.03918490
    2    2
  0.15991663  0.00000000    0.00257770  0.00295236   -0.00163994  0.00000000
  0.00257770 -0.00295236    0.18449632  0.00000000   -0.00257770  0.00295236
 -0.00163994  0.00000000   -0.00257770 -0.00295236    0.15991663  0.00000000

     Dynamical  Matrix in cartesian axes

     q = (   -0.530330086  -0.530330086   0.176776695 ) 

    1    1
  0.15991663  0.00000000    0.00163994  0.00000000   -0.00257770 -0.00295236
  0.00163994  0.00000000    0.15991663  0.00000000   -0.00257770 -0.00295236
 -0.00257770  0.00295236   -0.00257770  0.00295236    0.18449632  0.00000000
    1    2
 -0.03918490 -0.03975474   -0.03387015  0.10665027   -0.03387855 -0.03410086
 -0.03387015  0.10665027   -0.03918490 -0.03975474   -0.03387855 -0.03410086
 -0.03387855 -0.03410086   -0.03387855 -0.03410086   -0.03879794 -0.05068871
    2    1
 -0.03918490  0.03975474   -0.03387015 -0.10665027   -0.03387855  0.03410086
 -0.03387015 -0.10665027   -0.03918490  0.03975474   -0.03387855  0.03410086
 -0.03387855  0.03410086   -0.03387855  0.03410086   -0.03879794  0.05068871
    2    2
  0.15991663  0.00000000    0.00163994  0.00000000   -0.00257770  0.00295236
  0.00163994  0.00000000    0.15991663  0.00000000   -0.00257770  0.00295236
 -0.00257770 -0.00295236   -0.00257770 -0.00295236    0.18449632  0.00000000

     Dynamical  Matrix in cartesian axes

     q = (   -0.530330086   0.530330086   0.176776695 ) 

    1    1
  0.15991663  0.00000000   -0.00163994  0.00000000   -0.00257770  0.00295236
 -0.00163994  0.00000000    0.15991663  0.00000000    0.00257770 -0.00295236
 -0.00257770 -0.00295236    0.00257770  0.00295236    0.18449632  0.00000000
    1    2
 -0.03975474 -0.03918490   -0.10665027  0.03387015   -0.03410086 -0.03387855
 -0.10665027  0.03387015   -0.03975474 -0.03918490    0.03410086  0.03387855
 -0.03410086 -0.03387855    0.03410086  0.03387855   -0.05068871 -0.03879794
    2    1
 -0.03975474  0.03918490   -0.10665027 -0.03387015   -0.03410086  0.03387855
 -0.10665027 -0.03387015   -0.03975474  0.03918490    0.03410086 -0.03387855
 -0.03410086  0.03387855    0.03410086 -0.03387855   -0.05068871  0.03879794
    2    2
  0.15991663  0.00000000   -0.00163994  0.00000000   -0.00257770 -0.00295236
 -0.00163994  0.00000000    0.15991663  0.00000000    0.00257770  0.00295236
 -0.00257770  0.00295236    0.00257770 -0.00295236    0.18449632  0.00000000

     Dynamical  Matrix in cartesian axes

     q = (    0.176776695  -0.530330086  -0.530330086 ) 

    1    1
  0.18449632  0.00000000   -0.00257770  0.00295236   -0.00257770  0.00295236
 -0.00257770 -0.00295236    0.15991663  0.00000000    0.00163994  0.00000000
 -0.00257770 -0.00295236    0.00163994  0.00000000    0.15991663  0.00000000
    1    2
 -0.03879794 -0.05068871   -0.03387855 -0.03410086   -0.03387855 -0.03410086
 -0.03387855 -0.03410086   -0.03918490 -0.03975474   -0.03387015  0.10665027
 -0.03387855 -0.03410086   -0.03387015  0.10665027   -0.03918490 -0.03975474
    2    1
 -0.03879794  0.05068871   -0.03387855  0.03410086   -0.03387855  0.03410086
 -0.03387855  0.03410086   -0.03918490  0.03975474   -0.03387015 -0.10665027
 -0.03387855  0.03410086   -0.03387015 -0.10665027   -0.03918490  0.03975474
    2    2
  0.18449632  0.00000000   -0.00257770 -0.00295236   -0.00257770 -0.00295236
 -0.00257770  0.00295236    0.15991663  0.00000000    0.00163994  0.00000000
 -0.00257770  0.00295236    0.00163994  0.00000000    0.15991663  0.00000000

     Dynamical  Matrix in cartesian axes

     q = (    0.176776695   0.530330086   0.530330086 ) 

    1    1
  0.18449632  0.00000000    0.00257770 -0.00295236    0.00257770 -0.00295236
  0.00257770  0.00295236    0.15991663  0.00000000    0.00163994  0.00000000
  0.00257770  0.00295236    0.00163994  0.00000000    0.15991663  0.00000000
    1    2
  0.05068871 -0.03879794   -0.03410086  0.03387855   -0.03410086  0.03387855
 -0.03410086  0.03387855    0.03975474 -0.03918490   -0.10665027 -0.03387015
 -0.03410086  0.03387855   -0.10665027 -0.03387015    0.03975474 -0.03918490
    2    1
  0.05068871  0.03879794   -0.03410086 -0.03387855   -0.03410086 -0.03387855
 -0.03410086 -0.03387855    0.03975474  0.03918490   -0.10665027  0.03387015
 -0.03410086 -0.03387855   -0.10665027  0.03387015    0.03975474  0.03918490
    2    2
  0.18449632  0.00000000    0.00257770  0.00295236    0.00257770  0.00295236
  0.00257770 -0.00295236    0.15991663  0.00000000    0.00163994  0.00000000
  0.00257770 -0.00295236    0.00163994  0.00000000    0.15991663  0.00000000

     Dynamical  Matrix in cartesian axes

     q = (   -0.530330086   0.530330086  -0.176776695 ) 

    1    1
  0.15991663  0.00000000   -0.00163994  0.00000000    0.00257770  0.00295236
 -0.00163994  0.00000000    0.15991663  0.00000000   -0.00257770 -0.00295236
  0.00257770 -0.00295236   -0.00257770  0.00295236    0.18449632  0.00000000
    1    2
 -0.03975474  0.03918490   -0.10665027 -0.03387015    0.03410086 -0.03387855
 -0.10665027 -0.03387015   -0.03975474  0.03918490   -0.03410086  0.03387855
  0.03410086 -0.03387855   -0.03410086  0.03387855   -0.05068871  0.03879794
    2    1
 -0.03975474 -0.03918490   -0.10665027  0.03387015    0.03410086  0.03387855
 -0.10665027  0.03387015   -0.03975474 -0.03918490   -0.03410086 -0.03387855
  0.03410086  0.03387855   -0.03410086 -0.03387855   -0.05068871 -0.03879794
    2    2
  0.15991663  0.00000000   -0.00163994  0.00000000    0.00257770 -0.00295236
 -0.00163994  0.00000000    0.15991663  0.00000000   -0.00257770  0.00295236
  0.00257770  0.00295236   -0.00257770 -0.00295236    0.18449632  0.00000000

     Dynamical  Matrix in cartesian axes

     q = (    0.530330086   0.530330086   0.176776695 ) 

    1    1
  0.15991663  0.00000000    0.00163994  0.00000000    0.00257770  0.00295236
  0.00163994  0.00000000    0.15991663  0.00000000    0.00257770  0.00295236
  0.00257770 -0.00295236    0.00257770 -0.00295236    0.18449632  0.00000000
    1    2
  0.03975474 -0.03918490   -0.10665027 -0.03387015   -0.03410086  0.03387855
 -0.10665027 -0.03387015    0.03975474 -0.03918490   -0.03410086  0.03387855
 -0.03410086  0.03387855   -0.03410086  0.03387855    0.05068871 -0.03879794
    2    1
  0.03975474  0.03918490   -0.10665027  0.03387015   -0.03410086 -0.03387855
 -0.10665027  0.03387015    0.03975474  0.03918490   -0.03410086 -0.03387855
 -0.03410086 -0.03387855   -0.03410086 -0.03387855    0.05068871  0.03879794
    2    2
  0.15991663  0.00000000    0.00163994  0.00000000    0.00257770 -0.00295236
  0.00163994  0.00000000    0.15991663  0.00000000    0.00257770 -0.00295236
  0.00257770  0.00295236    0.00257770  0.00295236    0.18449632  0.00000000

     Dynamical  Matrix in cartesian axes

     q = (    0.530330086  -0.530330086  -0.176776695 ) 

    1    1
  0.15991663  0.00000000   -0.00163994  0.00000000   -0.00257770 -0.00295236
 -0.00163994  0.00000000    0.15991663  0.00000000    0.00257770  0.00295236
 -0.00257770  0.00295236    0.00257770 -0.00295236    0.18449632  0.00000000
    1    2
 -0.03975474  0.03918490   -0.10665027 -0.03387015   -0.03410086  0.03387855
 -0.10665027 -0.03387015   -0.03975474  0.03918490    0.03410086 -0.03387855
 -0.03410086  0.03387855    0.03410086 -0.03387855   -0.05068871  0.03879794
    2    1
 -0.03975474 -0.03918490   -0.10665027  0.03387015   -0.03410086 -0.03387855
 -0.10665027  0.03387015   -0.03975474 -0.03918490    0.03410086  0.03387855
 -0.03410086 -0.03387855    0.03410086  0.03387855   -0.05068871 -0.03879794
    2    2
  0.15991663  0.00000000   -0.00163994  0.00000000   -0.00257770  0.00295236
 -0.00163994  0.00000000    0.15991663  0.00000000    0.00257770 -0.00295236
 -0.00257770 -0.00295236    0.00257770  0.00295236    0.18449632  0.00000000

     Dynamical  Matrix in cartesian axes

     q = (    0.530330086  -0.176776695  -0.530330086 ) 

    1    1
  0.15991663  0.00000000   -0.00257770 -0.00295236   -0.00163994  0.00000000
 -0.00257770  0.00295236    0.18449632  0.00000000    0.00257770 -0.00295236
 -0.00163994  0.00000000    0.00257770  0.00295236    0.15991663  0.00000000
    1    2
 -0.03975474  0.03918490   -0.03410086  0.03387855   -0.10665027 -0.03387015
 -0.03410086  0.03387855   -0.05068871  0.03879794    0.03410086 -0.03387855
 -0.10665027 -0.03387015    0.03410086 -0.03387855   -0.03975474  0.03918490
    2    1
 -0.03975474 -0.03918490   -0.03410086 -0.03387855   -0.10665027  0.03387015
 -0.03410086 -0.03387855   -0.05068871 -0.03879794    0.03410086  0.03387855
 -0.10665027  0.03387015    0.03410086  0.03387855   -0.03975474 -0.03918490
    2    2
  0.15991663  0.00000000   -0.00257770  0.00295236   -0.00163994  0.00000000
 -0.00257770 -0.00295236    0.18449632  0.00000000    0.00257770  0.00295236
 -0.00163994  0.00000000    0.00257770 -0.00295236    0.15991663  0.00000000

     Dynamical  Matrix in cartesian axes

     q = (    0.530330086   0.176776695   0.530330086 ) 

    1    1
  0.15991663  0.00000000    0.00257770  0.00295236    0.00163994  0.00000000
  0.00257770 -0.00295236    0.18449632  0.00000000    0.00257770 -0.00295236
  0.00163994  0.00000000    0.00257770  0.00295236    0.15991663  0.00000000
    1    2
  0.03975474 -0.03918490   -0.03410086  0.03387855   -0.10665027 -0.03387015
 -0.03410086  0.03387855    0.05068871 -0.03879794   -0.03410086  0.03387855
 -0.10665027 -0.03387015   -0.03410086  0.03387855    0.03975474 -0.03918490
    2    1
  0.03975474  0.03918490   -0.03410086 -0.03387855   -0.10665027  0.03387015
 -0.03410086 -0.03387855    0.05068871  0.03879794   -0.03410086 -0.03387855
 -0.10665027  0.03387015   -0.03410086 -0.03387855    0.03975474  0.03918490
    2    2
  0.15991663  0.00000000    0.00257770 -0.00295236    0.00163994  0.00000000
  0.00257770  0.00295236    0.18449632  0.00000000    0.00257770  0.00295236
  0.00163994  0.00000000    0.00257770 -0.00295236    0.15991663  0.00000000

     Dynamical  Matrix in cartesian axes

     q = (   -0.530330086   0.176776695  -0.530330086 ) 

    1    1
  0.15991663  0.00000000   -0.00257770 -0.00295236    0.00163994  0.00000000
 -0.00257770  0.00295236    0.18449632  0.00000000   -0.00257770  0.00295236
  0.00163994  0.00000000   -0.00257770 -0.00295236    0.15991663  0.00000000
    1    2
 -0.03918490 -0.03975474   -0.03387855 -0.03410086   -0.03387015  0.10665027
 -0.03387855 -0.03410086   -0.03879794 -0.05068871   -0.03387855 -0.03410086
 -0.03387015  0.10665027   -0.03387855 -0.03410086   -0.03918490 -0.03975474
    2    1
 -0.03918490  0.03975474   -0.03387855  0.03410086   -0.03387015 -0.10665027
 -0.03387855  0.03410086   -0.03879794  0.05068871   -0.03387855  0.03410086
 -0.03387015 -0.10665027   -0.03387855  0.03410086   -0.03918490  0.03975474
    2    2
  0.15991663  0.00000000   -0.00257770  0.00295236    0.00163994  0.00000000
 -0.00257770 -0.00295236    0.18449632  0.00000000   -0.00257770 -0.00295236
  0.00163994  0.00000000   -0.00257770  0.00295236    0.15991663  0.00000000

     Dynamical  Matrix in cartesian axes

     q = (   -0.530330086   0.176776695   0.530330086 ) 

    1    1
  0.15991663  0.00000000   -0.00257770  0.00295236   -0.00163994  0.00000000
 -0.00257770 -0.00295236    0.18449632  0.00000000    0.00257770  0.00295236
 -0.00163994  0.00000000    0.00257770 -0.00295236    0.15991663  0.00000000
    1    2
 -0.03975474 -0.03918490   -0.03410086 -0.03387855   -0.10665027  0.03387015
 -0.03410086 -0.03387855   -0.05068871 -0.03879794    0.03410086  0.03387855
 -0.10665027  0.03387015    0.03410086  0.03387855   -0.03975474 -0.03918490
    2    1
 -0.03975474  0.03918490   -0.03410086  0.03387855   -0.10665027 -0.03387015
 -0.03410086  0.03387855   -0.05068871  0.03879794    0.03410086 -0.03387855
 -0.10665027 -0.03387015    0.03410086 -0.03387855   -0.03975474  0.03918490
    2    2
  0.15991663  0.00000000   -0.00257770 -0.00295236   -0.00163994  0.00000000
 -0.00257770  0.00295236    0.18449632  0.00000000    0.00257770 -0.00295236
 -0.00163994  0.00000000    0.00257770  0.00295236    0.15991663  0.00000000

     Dynamical  Matrix in cartesian axes

     q = (   -0.530330086  -0.176776695   0.530330086 ) 

    1    1
  0.15991663  0.00000000    0.00257770  0.00295236   -0.00163994  0.00000000
  0.00257770 -0.00295236    0.18449632  0.00000000   -0.00257770  0.00295236
 -0.00163994  0.00000000   -0.00257770 -0.00295236    0.15991663  0.00000000
    1    2
 -0.03975474  0.03918490    0.03410086 -0.03387855   -0.10665027 -0.03387015
  0.03410086 -0.03387855   -0.05068871  0.03879794   -0.03410086  0.03387855
 -0.10665027 -0.03387015   -0.03410086  0.03387855   -0.03975474  0.03918490
    2    1
 -0.03975474 -0.03918490    0.03410086  0.03387855   -0.10665027  0.03387015
  0.03410086  0.03387855   -0.05068871 -0.03879794   -0.03410086 -0.03387855
 -0.10665027  0.03387015   -0.03410086 -0.03387855   -0.03975474 -0.03918490
    2    2
  0.15991663  0.00000000    0.00257770 -0.00295236   -0.00163994  0.00000000
  0.00257770  0.00295236    0.18449632  0.00000000   -0.00257770 -0.00295236
 -0.00163994  0.00000000   -0.00257770  0.00295236    0.15991663  0.00000000

     Dynamical  Matrix in cartesian axes

     q = (    0.530330086  -0.176776695   0.530330086 ) 

    1    1
  0.15991663  0.00000000   -0.00257770  0.00295236    0.00163994  0.00000000
 -0.00257770 -0.00295236    0.18449632  0.00000000   -0.00257770 -0.00295236
  0.00163994  0.00000000   -0.00257770  0.00295236    0.15991663  0.00000000
    1    2
 -0.03918490  0.03975474   -0.03387855  0.03410086   -0.03387015 -0.10665027
 -0.03387855  0.03410086   -0.03879794  0.05068871   -0.03387855  0.03410086
 -0.03387015 -0.10665027   -0.03387855  0.03410086   -0.03918490  0.03975474
    2    1
 -0.03918490 -0.03975474   -0.03387855 -0.03410086   -0.03387015  0.10665027
 -0.03387855 -0.03410086   -0.03879794 -0.05068871   -0.03387855 -0.03410086
 -0.03387015  0.10665027   -0.03387855 -0.03410086   -0.03918490 -0.03975474
    2    2
  0.15991663  0.00000000   -0.00257770 -0.00295236    0.00163994  0.00000000
 -0.00257770  0.00295236    0.18449632  0.00000000   -0.00257770  0.00295236
  0.00163994  0.00000000   -0.00257770 -0.00295236    0.15991663  0.00000000

     Dynamical  Matrix in cartesian axes

     q = (    0.176776695  -0.530330086   0.530330086 ) 

    1    1
  0.18449632  0.00000000   -0.00257770 -0.00295236    0.00257770  0.00295236
 -0.00257770  0.00295236    0.15991663  0.00000000   -0.00163994  0.00000000
  0.00257770 -0.00295236   -0.00163994  0.00000000    0.15991663  0.00000000
    1    2
 -0.05068871 -0.03879794   -0.03410086 -0.03387855    0.03410086  0.03387855
 -0.03410086 -0.03387855   -0.03975474 -0.03918490   -0.10665027  0.03387015
  0.03410086  0.03387855   -0.10665027  0.03387015   -0.03975474 -0.03918490
    2    1
 -0.05068871  0.03879794   -0.03410086  0.03387855    0.03410086 -0.03387855
 -0.03410086  0.03387855   -0.03975474  0.03918490   -0.10665027 -0.03387015
  0.03410086 -0.03387855   -0.10665027 -0.03387015   -0.03975474  0.03918490
    2    2
  0.18449632  0.00000000   -0.00257770  0.00295236    0.00257770 -0.00295236
 -0.00257770 -0.00295236    0.15991663  0.00000000   -0.00163994  0.00000000
  0.00257770  0.00295236   -0.00163994  0.00000000    0.15991663  0.00000000

     Dynamical  Matrix in cartesian axes

     q = (   -0.530330086  -0.176776695  -0.530330086 ) 

    1    1
  0.15991663  0.00000000    0.00257770 -0.00295236    0.00163994  0.00000000
  0.00257770  0.00295236    0.18449632  0.00000000    0.00257770  0.00295236
  0.00163994  0.00000000    0.00257770 -0.00295236    0.15991663  0.00000000
    1    2
  0.03975474  0.03918490   -0.03410086 -0.03387855   -0.10665027  0.03387015
 -0.03410086 -0.03387855    0.05068871  0.03879794   -0.03410086 -0.03387855
 -0.10665027  0.03387015   -0.03410086 -0.03387855    0.03975474  0.03918490
    2    1
  0.03975474 -0.03918490   -0.03410086  0.03387855   -0.10665027 -0.03387015
 -0.03410086  0.03387855    0.05068871 -0.03879794   -0.03410086  0.03387855
 -0.10665027 -0.03387015   -0.03410086  0.03387855    0.03975474 -0.03918490
    2    2
  0.15991663  0.00000000    0.00257770  0.00295236    0.00163994  0.00000000
  0.00257770 -0.00295236    0.18449632  0.00000000    0.00257770 -0.00295236
  0.00163994  0.00000000    0.00257770  0.00295236    0.15991663  0.00000000

     Dynamical  Matrix in cartesian axes

     q = (    0.176776695   0.530330086  -0.530330086 ) 

    1    1
  0.18449632  0.00000000    0.00257770  0.00295236   -0.00257770 -0.00295236
  0.00257770 -0.00295236    0.15991663  0.00000000   -0.00163994  0.00000000
 -0.00257770  0.00295236   -0.00163994  0.00000000    0.15991663  0.00000000
    1    2
 -0.05068871 -0.03879794    0.03410086  0.03387855   -0.03410086 -0.03387855
  0.03410086  0.03387855   -0.03975474 -0.03918490   -0.10665027  0.03387015
 -0.03410086 -0.03387855   -0.10665027  0.03387015   -0.03975474 -0.03918490
    2    1
 -0.05068871  0.03879794    0.03410086 -0.03387855   -0.03410086  0.03387855
  0.03410086 -0.03387855   -0.03975474  0.03918490   -0.10665027 -0.03387015
 -0.03410086  0.03387855   -0.10665027 -0.03387015   -0.03975474  0.03918490
    2    2
  0.18449632  0.00000000    0.00257770 -0.00295236   -0.00257770  0.00295236
  0.00257770  0.00295236    0.15991663  0.00000000   -0.00163994  0.00000000
 -0.00257770 -0.00295236   -0.00163994  0.00000000    0.15991663  0.00000000

     Dynamical  Matrix in cartesian axes

     q = (    0.530330086  -0.530330086   0.176776695 ) 

    1    1
  0.15991663  0.00000000   -0.00163994  0.00000000    0.00257770 -0.00295236
 -0.00163994  0.00000000    0.15991663  0.00000000   -0.00257770  0.00295236
  0.00257770  0.00295236   -0.00257770 -0.00295236    0.18449632  0.00000000
    1    2
 -0.03975474 -0.03918490   -0.10665027  0.03387015    0.03410086  0.03387855
 -0.10665027  0.03387015   -0.03975474 -0.03918490   -0.03410086 -0.03387855
  0.03410086  0.03387855   -0.03410086 -0.03387855   -0.05068871 -0.03879794
    2    1
 -0.03975474  0.03918490   -0.10665027 -0.03387015    0.03410086 -0.03387855
 -0.10665027 -0.03387015   -0.03975474  0.03918490   -0.03410086  0.03387855
  0.03410086 -0.03387855   -0.03410086  0.03387855   -0.05068871  0.03879794
    2    2
  0.15991663  0.00000000   -0.00163994  0.00000000    0.00257770  0.00295236
 -0.00163994  0.00000000    0.15991663  0.00000000   -0.00257770 -0.00295236
  0.00257770 -0.00295236   -0.00257770  0.00295236    0.18449632  0.00000000

     Dynamical  Matrix in cartesian axes

     q = (   -0.530330086  -0.530330086  -0.176776695 ) 

    1    1
  0.15991663  0.00000000    0.00163994  0.00000000    0.00257770 -0.00295236
  0.00163994  0.00000000    0.15991663  0.00000000    0.00257770 -0.00295236
  0.00257770  0.00295236    0.00257770  0.00295236    0.18449632  0.00000000
    1    2
  0.03975474  0.03918490   -0.10665027  0.03387015   -0.03410086 -0.03387855
 -0.10665027  0.03387015    0.03975474  0.03918490   -0.03410086 -0.03387855
 -0.03410086 -0.03387855   -0.03410086 -0.03387855    0.05068871  0.03879794
    2    1
  0.03975474 -0.03918490   -0.10665027 -0.03387015   -0.03410086  0.03387855
 -0.10665027 -0.03387015    0.03975474 -0.03918490   -0.03410086  0.03387855
 -0.03410086  0.03387855   -0.03410086  0.03387855    0.05068871 -0.03879794
    2    2
  0.15991663  0.00000000    0.00163994  0.00000000    0.00257770  0.00295236
  0.00163994  0.00000000    0.15991663  0.00000000    0.00257770  0.00295236
  0.00257770 -0.00295236    0.00257770 -0.00295236    0.18449632  0.00000000

     Diagonalizing the dynamical matrix

     q = (   -0.176776695  -0.530330086   0.530330086 ) 

 **************************************************************************
     freq (    1) =       1.085303 [THz] =      36.201825 [cm-1]
 ( -0.000000  0.000000 -0.499671  0.018139 -0.499671  0.018139 ) 
 ( -0.000000  0.000000 -0.500000  0.000000 -0.500000  0.000000 ) 
     freq (    2) =       1.622767 [THz] =      54.129676 [cm-1]
 ( -0.152687  0.334226 -0.227113 -0.361815  0.227113  0.361815 ) 
 ( -0.201903  0.307010  0.427188 -0.000000 -0.427188  0.000000 ) 
     freq (    3) =       3.533212 [THz] =     117.855259 [cm-1]
 ( -0.489646 -0.298763 -0.235964  0.172669  0.235964 -0.172669 ) 
 (  0.218719 -0.530259  0.292393  0.000000 -0.292393  0.000000 ) 
     freq (    4) =       4.748639 [THz] =     158.397531 [cm-1]
 (  0.452260  0.346337  0.291187 -0.054462 -0.291187  0.054462 ) 
 (  0.380878 -0.423580  0.296236  0.000000 -0.296236  0.000000 ) 
     freq (    5) =       5.521515 [THz] =     184.177907 [cm-1]
 (  0.000000 -0.000000 -0.499671  0.018139 -0.499671  0.018139 ) 
 (  0.000000 -0.000000  0.500000  0.000000  0.500000  0.000000 ) 
     freq (    6) =       5.618291 [THz] =     187.406027 [cm-1]
 ( -0.195935  0.416040 -0.209981 -0.316494  0.209981  0.316494 ) 
 (  0.238356 -0.393276 -0.379816 -0.000000  0.379816  0.000000 ) 
 **************************************************************************
