Dynamical matrix file
default                                                                    
  1    2  0 12.2453830  0.0000000  0.0000000  0.0000000  0.0000000  0.0000000
Basis vectors
      0.000000000    0.707106781    0.707106781
      0.707106781    0.000000000    0.707106781
      0.707106781    0.707106781    0.000000000
           1  'Sn  '    108197.545983522     
    1    1      0.0000000000      0.0000000000      0.0000000000
    2    1      0.3535533906      0.3535533906      0.3535533906

     Dynamical  Matrix in cartesian axes

     q = (    0.176776695   0.176776695  -0.176776695 ) 

    1    1
  0.16896976  0.00000000    0.00547986  0.00000000   -0.00547986 -0.00000000
  0.00547986  0.00000000    0.16896976  0.00000000   -0.00547986 -0.00000000
 -0.00547986 -0.00000000   -0.00547986 -0.00000000    0.16896976  0.00000000
    1    2
 -0.12539144  0.03797055    0.03124786  0.03174068   -0.03124786 -0.03174068
  0.03124786  0.03174068   -0.12539144  0.03797055   -0.03124786 -0.03174068
 -0.03124786 -0.03174068   -0.03124786 -0.03174068   -0.12539144  0.03797055
    2    1
 -0.12539144 -0.03797055    0.03124786 -0.03174068   -0.03124786  0.03174068
  0.03124786 -0.03174068   -0.12539144 -0.03797055   -0.03124786  0.03174068
 -0.03124786  0.03174068   -0.03124786  0.03174068   -0.12539144 -0.03797055
    2    2
  0.16896976 -0.00000000    0.00547986 -0.00000000   -0.00547986  0.00000000
  0.00547986 -0.00000000    0.16896976 -0.00000000   -0.00547986  0.00000000
 -0.00547986  0.00000000   -0.00547986  0.00000000    0.16896976 -0.00000000

     Dynamical  Matrix in cartesian axes

     q = (   -0.176776695  -0.176776695  -0.176776695 ) 

    1    1
  0.16896976  0.00000000    0.00547986  0.00000000    0.00547986  0.00000000
  0.00547986  0.00000000    0.16896976  0.00000000    0.00547986  0.00000000
  0.00547986  0.00000000    0.00547986  0.00000000    0.16896976  0.00000000
    1    2
 -0.03797055 -0.12539144   -0.03174068  0.03124786   -0.03174068  0.03124786
 -0.03174068  0.03124786   -0.03797055 -0.12539144   -0.03174068  0.03124786
 -0.03174068  0.03124786   -0.03174068  0.03124786   -0.03797055 -0.12539144
    2    1
 -0.03797055  0.12539144   -0.03174068 -0.03124786   -0.03174068 -0.03124786
 -0.03174068 -0.03124786   -0.03797055  0.12539144   -0.03174068 -0.03124786
 -0.03174068 -0.03124786   -0.03174068 -0.03124786   -0.03797055  0.12539144
    2    2
  0.16896976 -0.00000000    0.00547986 -0.00000000    0.00547986 -0.00000000
  0.00547986 -0.00000000    0.16896976 -0.00000000    0.00547986 -0.00000000
  0.00547986 -0.00000000    0.00547986 -0.00000000    0.16896976 -0.00000000

     Dynamical  Matrix in cartesian axes

     q = (    0.176776695  -0.176776695  -0.176776695 ) 

    1    1
  0.16896976 -0.00000000   -0.00547986  0.00000000   -0.00547986  0.00000000
 -0.00547986  0.00000000    0.16896976 -0.00000000    0.00547986 -0.00000000
 -0.00547986  0.00000000    0.00547986 -0.00000000    0.16896976 -0.00000000
    1    2
 -0.12539144 -0.03797055   -0.03124786  0.03174068   -0.03124786  0.03174068
 -0.03124786  0.03174068   -0.12539144 -0.03797055    0.03124786 -0.03174068
 -0.03124786  0.03174068    0.03124786 -0.03174068   -0.12539144 -0.03797055
    2    1
 -0.12539144  0.03797055   -0.03124786 -0.03174068   -0.03124786 -0.03174068
 -0.03124786 -0.03174068   -0.12539144  0.03797055    0.03124786  0.03174068
 -0.03124786 -0.03174068    0.03124786  0.03174068   -0.12539144  0.03797055
    2    2
  0.16896976  0.00000000   -0.00547986 -0.00000000   -0.00547986 -0.00000000
 -0.00547986 -0.00000000    0.16896976  0.00000000    0.00547986  0.00000000
 -0.00547986 -0.00000000    0.00547986  0.00000000    0.16896976  0.00000000

     Dynamical  Matrix in cartesian axes

     q = (   -0.176776695  -0.176776695   0.176776695 ) 

    1    1
  0.16896976 -0.00000000    0.00547986 -0.00000000   -0.00547986  0.00000000
  0.00547986 -0.00000000    0.16896976 -0.00000000   -0.00547986  0.00000000
 -0.00547986  0.00000000   -0.00547986  0.00000000    0.16896976 -0.00000000
    1    2
 -0.12539144 -0.03797055    0.03124786 -0.03174068   -0.03124786  0.03174068
  0.03124786 -0.03174068   -0.12539144 -0.03797055   -0.03124786  0.03174068
 -0.03124786  0.03174068   -0.03124786  0.03174068   -0.12539144 -0.03797055
    2    1
 -0.12539144  0.03797055    0.03124786  0.03174068   -0.03124786 -0.03174068
  0.03124786  0.03174068   -0.12539144  0.03797055   -0.03124786 -0.03174068
 -0.03124786 -0.03174068   -0.03124786 -0.03174068   -0.12539144  0.03797055
    2    2
  0.16896976  0.00000000    0.00547986  0.00000000   -0.00547986 -0.00000000
  0.00547986  0.00000000    0.16896976  0.00000000   -0.00547986 -0.00000000
 -0.00547986 -0.00000000   -0.00547986 -0.00000000    0.16896976  0.00000000

     Dynamical  Matrix in cartesian axes

     q = (   -0.176776695   0.176776695  -0.176776695 ) 

    1    1
  0.16896976 -0.00000000   -0.00547986  0.00000000    0.00547986 -0.00000000
 -0.00547986  0.00000000    0.16896976 -0.00000000   -0.00547986  0.00000000
  0.00547986 -0.00000000   -0.00547986  0.00000000    0.16896976 -0.00000000
    1    2
 -0.12539144 -0.03797055   -0.03124786  0.03174068    0.03124786 -0.03174068
 -0.03124786  0.03174068   -0.12539144 -0.03797055   -0.03124786  0.03174068
  0.03124786 -0.03174068   -0.03124786  0.03174068   -0.12539144 -0.03797055
    2    1
 -0.12539144  0.03797055   -0.03124786 -0.03174068    0.03124786  0.03174068
 -0.03124786 -0.03174068   -0.12539144  0.03797055   -0.03124786 -0.03174068
  0.03124786  0.03174068   -0.03124786 -0.03174068   -0.12539144  0.03797055
    2    2
  0.16896976  0.00000000   -0.00547986 -0.00000000    0.00547986  0.00000000
 -0.00547986 -0.00000000    0.16896976  0.00000000   -0.00547986 -0.00000000
  0.00547986  0.00000000   -0.00547986 -0.00000000    0.16896976  0.00000000

     Dynamical  Matrix in cartesian axes

     q = (    0.176776695   0.176776695   0.176776695 ) 

    1    1
  0.16896976 -0.00000000    0.00547986 -0.00000000    0.00547986 -0.00000000
  0.00547986 -0.00000000    0.16896976 -0.00000000    0.00547986 -0.00000000
  0.00547986 -0.00000000    0.00547986 -0.00000000    0.16896976 -0.00000000
    1    2
 -0.03797055  0.12539144   -0.03174068 -0.03124786   -0.03174068 -0.03124786
 -0.03174068 -0.03124786   -0.03797055  0.12539144   -0.03174068 -0.03124786
 -0.03174068 -0.03124786   -0.03174068 -0.03124786   -0.03797055  0.12539144
    2    1
 -0.03797055 -0.12539144   -0.03174068  0.03124786   -0.03174068  0.03124786
 -0.03174068  0.03124786   -0.03797055 -0.12539144   -0.03174068  0.03124786
 -0.03174068  0.03124786   -0.03174068  0.03124786   -0.03797055 -0.12539144
    2    2
  0.16896976  0.00000000    0.00547986  0.00000000    0.00547986  0.00000000
  0.00547986  0.00000000    0.16896976  0.00000000    0.00547986  0.00000000
  0.00547986  0.00000000    0.00547986  0.00000000    0.16896976  0.00000000

     Dynamical  Matrix in cartesian axes

     q = (   -0.176776695   0.176776695   0.176776695 ) 

    1    1
  0.16896976  0.00000000   -0.00547986 -0.00000000   -0.00547986 -0.00000000
 -0.00547986 -0.00000000    0.16896976  0.00000000    0.00547986  0.00000000
 -0.00547986 -0.00000000    0.00547986  0.00000000    0.16896976  0.00000000
    1    2
 -0.12539144  0.03797055   -0.03124786 -0.03174068   -0.03124786 -0.03174068
 -0.03124786 -0.03174068   -0.12539144  0.03797055    0.03124786  0.03174068
 -0.03124786 -0.03174068    0.03124786  0.03174068   -0.12539144  0.03797055
    2    1
 -0.12539144 -0.03797055   -0.03124786  0.03174068   -0.03124786  0.03174068
 -0.03124786  0.03174068   -0.12539144 -0.03797055    0.03124786 -0.03174068
 -0.03124786  0.03174068    0.03124786 -0.03174068   -0.12539144 -0.03797055
    2    2
  0.16896976 -0.00000000   -0.00547986  0.00000000   -0.00547986  0.00000000
 -0.00547986  0.00000000    0.16896976 -0.00000000    0.00547986 -0.00000000
 -0.00547986  0.00000000    0.00547986 -0.00000000    0.16896976 -0.00000000

     Dynamical  Matrix in cartesian axes

     q = (    0.176776695  -0.176776695   0.176776695 ) 

    1    1
  0.16896976  0.00000000   -0.00547986 -0.00000000    0.00547986  0.00000000
 -0.00547986 -0.00000000    0.16896976  0.00000000   -0.00547986 -0.00000000
  0.00547986  0.00000000   -0.00547986 -0.00000000    0.16896976  0.00000000
    1    2
 -0.12539144  0.03797055   -0.03124786 -0.03174068    0.03124786  0.03174068
 -0.03124786 -0.03174068   -0.12539144  0.03797055   -0.03124786 -0.03174068
  0.03124786  0.03174068   -0.03124786 -0.03174068   -0.12539144  0.03797055
    2    1
 -0.12539144 -0.03797055   -0.03124786  0.03174068    0.03124786 -0.03174068
 -0.03124786  0.03174068   -0.12539144 -0.03797055   -0.03124786  0.03174068
  0.03124786 -0.03174068   -0.03124786  0.03174068   -0.12539144 -0.03797055
    2    2
  0.16896976 -0.00000000   -0.00547986  0.00000000    0.00547986 -0.00000000
 -0.00547986  0.00000000    0.16896976 -0.00000000   -0.00547986  0.00000000
  0.00547986 -0.00000000   -0.00547986  0.00000000    0.16896976 -0.00000000

     Diagonalizing the dynamical matrix

     q = (    0.176776695   0.176776695  -0.176776695 ) 

 **************************************************************************
     freq (    1) =       0.820293 [THz] =      27.362027 [cm-1]
 (  0.411931 -0.236454  0.060328  0.217671  0.472259 -0.018783 ) 
 (  0.421003 -0.219897  0.051630  0.219897  0.472633  0.000000 ) 
     freq (    2) =       0.820293 [THz] =      27.362027 [cm-1]
 (  0.084916 -0.317056 -0.416244  0.330234 -0.331328  0.013178 ) 
 (  0.097449 -0.313431 -0.429038  0.313431 -0.331590  0.000000 ) 
     freq (    3) =       2.461330 [THz] =      82.101146 [cm-1]
 ( -0.215111  0.346978 -0.215111  0.346978  0.215111 -0.346978 ) 
 ( -0.408248  0.000000 -0.408248  0.000000  0.408248  0.000000 ) 
     freq (    4) =       5.471631 [THz] =     182.513956 [cm-1]
 (  0.215111 -0.346978  0.215111 -0.346978 -0.215111  0.346978 ) 
 ( -0.408248 -0.000000 -0.408248 -0.000000  0.408248  0.000000 ) 
     freq (    5) =       5.659955 [THz] =     188.795771 [cm-1]
 ( -0.328607  0.046812  0.572071 -0.056495  0.243464 -0.009683 ) 
 (  0.330208 -0.033715 -0.573865  0.033715 -0.243657  0.000000 ) 
     freq (    6) =       5.659955 [THz] =     188.795771 [cm-1]
 (  0.471140 -0.034446  0.051863  0.013645  0.523003 -0.020801 ) 
 ( -0.472137  0.015695 -0.051280 -0.015695 -0.523416  0.000000 ) 
 **************************************************************************
